# Final state angular momentum:   1
# Broadening parameter (in eV):    0.890
# Absorbing atom type (xiabs):   3
# Energy (eV)   sigma
  -15.00000000    0.00002139
  -14.78696742    0.00002164
  -14.57393484    0.00002189
  -14.36090226    0.00002214
  -14.14786967    0.00002241
  -13.93483709    0.00002267
  -13.72180451    0.00002295
  -13.50877193    0.00002323
  -13.29573935    0.00002352
  -13.08270677    0.00002381
  -12.86967419    0.00002411
  -12.65664160    0.00002442
  -12.44360902    0.00002474
  -12.23057644    0.00002506
  -12.01754386    0.00002540
  -11.80451128    0.00002574
  -11.59147870    0.00002609
  -11.37844612    0.00002645
  -11.16541353    0.00002681
  -10.95238095    0.00002719
  -10.73934837    0.00002758
  -10.52631579    0.00002798
  -10.31328321    0.00002839
  -10.10025063    0.00002882
   -9.88721805    0.00002925
   -9.67418546    0.00002970
   -9.46115288    0.00003016
   -9.24812030    0.00003064
   -9.03508772    0.00003113
   -8.82205514    0.00003164
   -8.60902256    0.00003216
   -8.39598997    0.00003271
   -8.18295739    0.00003327
   -7.96992481    0.00003384
   -7.75689223    0.00003444
   -7.54385965    0.00003507
   -7.33082707    0.00003571
   -7.11779449    0.00003638
   -6.90476190    0.00003707
   -6.69172932    0.00003780
   -6.47869674    0.00003855
   -6.26566416    0.00003933
   -6.05263158    0.00004015
   -5.83959900    0.00004100
   -5.62656642    0.00004190
   -5.41353383    0.00004283
   -5.20050125    0.00004381
   -4.98746867    0.00004484
   -4.77443609    0.00004592
   -4.56140351    0.00004707
   -4.34837093    0.00004827
   -4.13533835    0.00004955
   -3.92230576    0.00005090
   -3.70927318    0.00005235
   -3.49624060    0.00005389
   -3.28320802    0.00005554
   -3.07017544    0.00005731
   -2.85714286    0.00005923
   -2.64411028    0.00006131
   -2.43107769    0.00006358
   -2.21804511    0.00006608
   -2.00501253    0.00006884
   -1.79197995    0.00007193
   -1.57894737    0.00007543
   -1.36591479    0.00007942
   -1.15288221    0.00008404
   -0.93984962    0.00008947
   -0.72681704    0.00009592
   -0.51378446    0.00010365
   -0.30075188    0.00011287
   -0.08771930    0.00012335
    0.12531328    0.00013554
    0.33834586    0.00014820
    0.55137845    0.00016068
    0.76441103    0.00017248
    0.97744361    0.00018381
    1.19047619    0.00019559
    1.40350877    0.00020857
    1.61654135    0.00022265
    1.82957393    0.00023707
    2.04260652    0.00025130
    2.25563910    0.00026572
    2.46867168    0.00028138
    2.68170426    0.00029914
    2.89473684    0.00031935
    3.10776942    0.00034208
    3.32080201    0.00036689
    3.53383459    0.00039209
    3.74686717    0.00041501
    3.95989975    0.00043420
    4.17293233    0.00045120
    4.38596491    0.00046954
    4.59899749    0.00049210
    4.81203008    0.00051938
    5.02506266    0.00054994
    5.23809524    0.00058249
    5.45112782    0.00061766
    5.66416040    0.00065724
    5.87719298    0.00070203
    6.09022556    0.00075172
    6.30325815    0.00080602
    6.51629073    0.00086377
    6.72932331    0.00092072
    6.94235589    0.00097108
    7.15538847    0.00101204
    7.36842105    0.00104512
    7.58145363    0.00107322
    7.79448622    0.00109834
    8.00751880    0.00112148
    8.22055138    0.00114279
    8.43358396    0.00116118
    8.64661654    0.00117419
    8.85964912    0.00117819
    9.07268170    0.00116996
    9.28571429    0.00115016
    9.49874687    0.00112496
    9.71177945    0.00110282
    9.92481203    0.00108962
   10.13784461    0.00108641
   10.35087719    0.00109043
   10.56390977    0.00109793
   10.77694236    0.00110730
   10.98997494    0.00112081
   11.20300752    0.00114398
   11.41604010    0.00118266
   11.62907268    0.00123952
   11.84210526    0.00131162
   12.05513784    0.00138985
   12.26817043    0.00146120
   12.48120301    0.00151396
   12.69423559    0.00154328
   12.90726817    0.00155194
   13.12030075    0.00154615
   13.33333333    0.00153195
   13.54636591    0.00151585
   13.75939850    0.00150560
   13.97243108    0.00150778
   14.18546366    0.00152564
   14.39849624    0.00155965
   14.61152882    0.00160946
   14.82456140    0.00167480
   15.03759398    0.00175553
   15.25062657    0.00185183
   15.46365915    0.00196402
   15.67669173    0.00209170
   15.88972431    0.00223381
   16.10275689    0.00239063
   16.31578947    0.00256376
   16.52882206    0.00275119
   16.74185464    0.00294165
   16.95488722    0.00311551
   17.16791980    0.00325372
   17.38095238    0.00334797
   17.59398496    0.00340301
   17.80701754    0.00342907
   18.02005013    0.00343153
   18.23308271    0.00340555
   18.44611529    0.00333979
   18.65914787    0.00322821
   18.87218045    0.00307804
   19.08521303    0.00290409
   19.29824561    0.00271941
   19.51127820    0.00253451
   19.72431078    0.00235982
   19.93734336    0.00220435
   20.15037594    0.00207284
   20.36340852    0.00196528
   20.57644110    0.00187888
   20.78947368    0.00181024
   21.00250627    0.00175610
   21.21553885    0.00171287
   21.42857143    0.00167633
   21.64160401    0.00164234
   21.85463659    0.00160774
   22.06766917    0.00157103
   22.28070175    0.00153256
   22.49373434    0.00149418
   22.70676692    0.00145798
   22.91979950    0.00142473
   23.13283208    0.00139352
   23.34586466    0.00136316
   23.55889724    0.00133381
   23.77192982    0.00130692
   23.98496241    0.00128354
   24.19799499    0.00126284
   24.41102757    0.00124270
   24.62406015    0.00122188
   24.83709273    0.00120153
   25.05012531    0.00118436
   25.26315789    0.00117284
   25.47619048    0.00116817
   25.68922306    0.00117036
   25.90225564    0.00117860
   26.11528822    0.00119140
   26.32832080    0.00120691
   26.54135338    0.00122343
   26.75438596    0.00123987
   26.96741855    0.00125580
   27.18045113    0.00127143
   27.39348371    0.00128783
   27.60651629    0.00130742
   27.81954887    0.00133329
   28.03258145    0.00136747
   28.24561404    0.00140948
   28.45864662    0.00145690
   28.67167920    0.00150778
   28.88471178    0.00156278
   29.09774436    0.00162467
   29.31077694    0.00169604
   29.52380952    0.00177705
   29.73684211    0.00186451
   29.94987469    0.00195232
   30.16290727    0.00203269
   30.37593985    0.00209872
   30.58897243    0.00214765
   30.80200501    0.00218263
   31.01503759    0.00221041
   31.22807018    0.00223625
   31.44110276    0.00226100
   31.65413534    0.00228306
   31.86716792    0.00230129
   32.08020050    0.00231443
   32.29323308    0.00231791
   32.50626566    0.00230376
   32.71929825    0.00226587
   32.93233083    0.00220567
   33.14536341    0.00213237
   33.35839599    0.00205811
   33.57142857    0.00199320
   33.78446115    0.00194401
   33.99749373    0.00191264
   34.21052632    0.00189706
   34.42355890    0.00189163
   34.63659148    0.00188877
   34.84962406    0.00188135
   35.06265664    0.00186447
   35.27568922    0.00183556
   35.48872180    0.00179405
   35.70175439    0.00174235
   35.91478697    0.00168641
   36.12781955    0.00163366
   36.34085213    0.00158926
   36.55388471    0.00155414
   36.76691729    0.00152593
   36.97994987    0.00150158
   37.19298246    0.00147954
   37.40601504    0.00146011
   37.61904762    0.00144443
   37.83208020    0.00143321
   38.04511278    0.00142632
   38.25814536    0.00142287
   38.47117794    0.00142168
   38.68421053    0.00142167
   38.89724311    0.00142226
   39.11027569    0.00142369
   39.32330827    0.00142705
   39.53634085    0.00143345
   39.74937343    0.00144314
   39.96240602    0.00145536
   40.17543860    0.00146904
   40.38847118    0.00148362
   40.60150376    0.00149866
   40.81453634    0.00151301
   41.02756892    0.00152445
   41.24060150    0.00153067
   41.45363409    0.00153051
   41.66666667    0.00152420
   41.87969925    0.00151243
   42.09273183    0.00149572
   42.30576441    0.00147504
   42.51879699    0.00145265
   42.73182957    0.00143154
   42.94486216    0.00141378
   43.15789474    0.00139952
   43.37092732    0.00138732
   43.58395990    0.00137539
   43.79699248    0.00136257
   44.01002506    0.00134853
   44.22305764    0.00133348
   44.43609023    0.00131799
   44.64912281    0.00130288
   44.86215539    0.00128890
   45.07518797    0.00127604
   45.28822055    0.00126319
   45.50125313    0.00124871
   45.71428571    0.00123160
   45.92731830    0.00121248
   46.14035088    0.00119345
   46.35338346    0.00117695
   46.56641604    0.00116468
   46.77944862    0.00115725
   46.99248120    0.00115430
   47.20551378    0.00115500
   47.41854637    0.00115843
   47.63157895    0.00116401
   47.84461153    0.00117178
   48.05764411    0.00118238
   48.27067669    0.00119650
   48.48370927    0.00121409
   48.69674185    0.00123388
   48.90977444    0.00125392
   49.12280702    0.00127272
   49.33583960    0.00129006
   49.54887218    0.00130645
   49.76190476    0.00132154
   49.97493734    0.00133309
   50.18796992    0.00133766
   50.40100251    0.00133247
   50.61403509    0.00131680
   50.82706767    0.00129191
   51.04010025    0.00126012
   51.25313283    0.00122417
   51.46616541    0.00118713
   51.67919799    0.00115216
   51.89223058    0.00112182
   52.10526316    0.00109742
   52.31829574    0.00107902
   52.53132832    0.00106596
   52.74436090    0.00105773
   52.95739348    0.00105425
   53.17042607    0.00105557
   53.38345865    0.00106127
   53.59649123    0.00107026
   53.80952381    0.00108116
   54.02255639    0.00109289
   54.23558897    0.00110492
   54.44862155    0.00111685
   54.66165414    0.00112800
   54.87468672    0.00113732
   55.08771930    0.00114402
   55.30075188    0.00114807
   55.51378446    0.00115036
   55.72681704    0.00115216
   55.93984962    0.00115467
   56.15288221    0.00115886
   56.36591479    0.00116562
   56.57894737    0.00117592
   56.79197995    0.00119070
   57.00501253    0.00121059
   57.21804511    0.00123571
   57.43107769    0.00126562
   57.64411028    0.00129934
   57.85714286    0.00133516
   58.07017544    0.00137050
   58.28320802    0.00140251
   58.49624060    0.00142952
   58.70927318    0.00145237
   58.92230576    0.00147437
   59.13533835    0.00149961
   59.34837093    0.00153095
   59.56140351    0.00156856
   59.77443609    0.00160998
   59.98746867    0.00165138
   60.20050125    0.00168979
   60.41353383    0.00172465
   60.62656642    0.00175808
   60.83959900    0.00179365
   61.05263158    0.00183440
   61.26566416    0.00188167
   61.47869674    0.00193474
   61.69172932    0.00199106
   61.90476190    0.00204671
   62.11779449    0.00209725
   62.33082707    0.00213926
   62.54385965    0.00217170
   62.75689223    0.00219599
   62.96992481    0.00221460
   63.18295739    0.00222914
   63.39598997    0.00223966
   63.60902256    0.00224568
   63.82205514    0.00224778
   64.03508772    0.00224821
   64.24812030    0.00225009
   64.46115288    0.00225597
   64.67418546    0.00226712
   64.88721805    0.00228375
   65.10025063    0.00230572
   65.31328321    0.00233290
   65.52631579    0.00236495
   65.73934837    0.00240115
   65.95238095    0.00244036
   66.16541353    0.00248137
   66.37844612    0.00252320
   66.59147870    0.00256502
   66.80451128    0.00260578
   67.01754386    0.00264389
   67.23057644    0.00267746
   67.44360902    0.00270473
   67.65664160    0.00272432
   67.86967419    0.00273476
   68.08270677    0.00273402
   68.29573935    0.00271989
   68.50877193    0.00269130
   68.72180451    0.00264961
   68.93483709    0.00259816
   69.14786967    0.00254057
   69.36090226    0.00247937
   69.57393484    0.00241620
   69.78696742    0.00235268
   70.00000000    0.00229078
