ATOMS
  *       x          y          z    ipot  Atom      Distance    Number
**********-  ********-  ********-  ******  ******  **********  ********
    0         0          0              0  Ti         0               0
    0         0.83056   -1.81677        2  O          1.99762       240
   -2.08686  -0.169576   0.09993        2  O          2.09612        40
    2.08686  -0.169576   0.09993        2  O          2.09612       187
    0        -1.94185   -0.875644       2  O          2.13015       138
    0        -1.10041    1.84766        2  O          2.15052       179
    0         2.64908   -0.854771       1  Ti         2.78357       241
   -2.08686   1.70027    0.973794       1  Ti         2.86255        96
    2.08686   1.70027    0.973794       1  Ti         2.86255       261
    0         0.751459   2.80236        1  Ti         2.90136       284
    0        -0.987963  -2.77876        1  Ti         2.94917       143
   -2.08686  -2.02144   -0.854771       1  Ti         3.02851        12
    2.08686  -2.02144   -0.854771       1  Ti         3.02851       148
   -2.08686  -1.26998    1.94759        1  Ti         3.12425        44
    2.08686  -1.26998    1.94759        1  Ti         3.12425       191
    0        -2.97025    0.973794       1  Ti         3.12581       180
   -2.08686   2.72867   -0.875644       2  O          3.54505        65
    2.08686   2.72867   -0.875644       2  O          3.54505       222
   -2.08686   0.671868   2.82323        2  O          3.5745        116
    2.08686   0.671868   2.82323        2  O          3.5745        289
   -2.08686  -1.06755   -2.75789        2  O          3.61948        15
    2.08686  -1.06755   -2.75789        2  O          3.61948       151
    0         3.40054    1.94759        1  Ti         3.91877       285
    0         1.66112   -3.63353        1  Ti         3.99523       245
   -4.17372  -0          0              1  Ti         4.17372       112
    4.17372  -0          0              1  Ti         4.17372       273
    0         4.50095    0.09993        2  O          4.50206       282
   -2.08686   3.57012    1.84766        2  O          4.5293         95
    2.08686   3.57012    1.84766        2  O          4.5293        260
    0         3.60297   -2.75789        2  O          4.53733       243
    0         2.56998    3.76435        2  O          4.55798       278
   -4.17372   0.83056   -1.81677        2  O          4.62714        82
    4.17372   0.83056   -1.81677        2  O          4.62714       234
   -2.08686   1.8307    -3.73346        2  O          4.65244        68
    2.08686   1.8307    -3.73346        2  O          4.65244       225
   -4.17372  -1.94185   -0.875644       2  O          4.68588         3
    4.17372  -1.94185   -0.875644       2  O          4.68588       125
    0        -2.83983   -3.73346        2  O          4.69078       139
   -4.17372  -1.10041    1.84766        2  O          4.69518        32
    4.17372  -1.10041    1.84766        2  O          4.69518       167
    0        -0.20243    4.70548        2  O          4.70983       177
   -2.08686  -3.83997   -1.81677        2  O          4.73297        11
    2.08686  -3.83997   -1.81677        2  O          4.73297       147
   -2.08686  -2.10054    3.76435        2  O          4.78932        36
    2.08686  -2.10054    3.76435        2  O          4.78932       183
    0        -4.8401     0.09993        2  O          4.84113       204
    0        -3.99866    2.82323        2  O          4.89489       205
   -4.17372   2.64908   -0.854771       1  Ti         5.0168         83
    4.17372   2.64908   -0.854771       1  Ti         5.0168        235
   -2.08686  -0.039151  -4.60733        1  Ti         5.05806         1
    2.08686  -0.039151  -4.60733        1  Ti         5.05806       124
   -2.08686   3.68256   -2.77876        1  Ti         5.06338        73
    2.08686   3.68256   -2.77876        1  Ti         5.06338       230
   -4.17372   0.751459   2.80236        1  Ti         5.0831        110
    4.17372   0.751459   2.80236        1  Ti         5.0831        271
   -4.17372  -0.987963  -2.77876        1  Ti         5.11053         8
    4.17372  -0.987963  -2.77876        1  Ti         5.11053       130
   -2.08686  -4.67053    0              1  Ti         5.11555        45
   -2.08686   4.67053    0              1  Ti         5.11555        99
    2.08686  -4.67053    0              1  Ti         5.11555       192
    2.08686   4.67053    0              1  Ti         5.11555       264
   -2.08686  -3.00941   -3.63353        1  Ti         5.15888        18
    2.08686  -3.00941   -3.63353        1  Ti         5.15888       154
   -2.08686  -0.282021   4.72635        1  Ti         5.17425        37
    2.08686  -0.282021   4.72635        1  Ti         5.17425       184
   -4.17372  -2.97025    0.973794       1  Ti         5.21446        33
    4.17372  -2.97025    0.973794       1  Ti         5.21446       168
   -2.08686  -3.91907    2.80236        1  Ti         5.25046        43
    2.08686  -3.91907    2.80236        1  Ti         5.25046       190
   -4.17372   3.40054    1.94759        1  Ti         5.7251        111
    4.17372   3.40054    1.94759        1  Ti         5.7251        272
   -4.17372   1.66112   -3.63353        1  Ti         5.7777         87
    4.17372   1.66112   -3.63353        1  Ti         5.7777        239
    0        -1.73942   -5.58112        1  Ti         5.84589       144
    0         1.73942    5.58112        1  Ti         5.84589       281
    0         5.34239    2.82323        2  O          6.0425        283
    0         2.76153   -5.48119        2  O          6.13755       242
   -4.17372   4.50095    0.09993        2  O          6.1391        108
    4.17372   4.50095    0.09993        2  O          6.1391        269
   -2.08686   5.50109   -1.81677        2  O          6.15773        66
    2.08686   5.50109   -1.81677        2  O          6.15773       223
   -4.17372   3.60297   -2.75789        2  O          6.16501        85
    4.17372   3.60297   -2.75789        2  O          6.16501       237
   -2.08686  -1.909     -5.48119        2  O          6.16788        13
    2.08686  -1.909     -5.48119        2  O          6.16788       149
   -4.17372   2.56998    3.76435        2  O          6.18022       105
    4.17372   2.56998    3.76435        2  O          6.18022       266
    0        -5.94051    1.94759        1  Ti         6.25162       206
   -2.08686   1.56985    5.68105        2  O          6.2525        113
    2.08686   1.56985    5.68105        2  O          6.2525        286
   -6.26058  -0.169576   0.09993        2  O          6.26368        51
    6.26058  -0.169576   0.09993        2  O          6.26368       172
   -4.17372  -2.83983   -3.73346        2  O          6.2788          4
    4.17372  -2.83983   -3.73346        2  O          6.2788        126
   -4.17372  -0.20243    4.70548        2  O          6.29305        30
    4.17372  -0.20243    4.70548        2  O          6.29305       165
    0        -5.73808   -2.75789        2  O          6.36644       161
   -4.17372  -4.8401     0.09993        2  O          6.39191        59
    4.17372  -4.8401     0.09993        2  O          6.39191       196
   -2.08686  -5.77093    1.84766        2  O          6.40878        41
    2.08686  -5.77093    1.84766        2  O          6.40878       188
   -4.17372  -3.99866    2.82323        2  O          6.43272        60
    4.17372  -3.99866    2.82323        2  O          6.43272       197
    0         6.3708     0.973794       1  Ti         6.44479       255
    0         4.38851    4.72635        1  Ti         6.4496        279
   -2.08686   5.42199    2.80236        1  Ti         6.45028        97
    2.08686   5.42199    2.80236        1  Ti         6.45028       262
    0        -3.10068    5.68105        2  O          6.47214       199
    0         0.909661  -6.43589        1  Ti         6.49986       244
    0         4.63138   -4.60733        1  Ti         6.53277       220
   -6.26058   1.70027    0.973794       1  Ti         6.56004       101
    6.26058   1.70027    0.973794       1  Ti         6.56004       249
    0        -4.70968   -4.60733        1  Ti         6.58851       142
   -6.26058  -2.02144   -0.854771       1  Ti         6.63414        23
    6.26058  -2.02144   -0.854771       1  Ti         6.63414       133
   -2.08686  -5.65849   -2.77876        1  Ti         6.64041        17
    2.08686  -5.65849   -2.77876        1  Ti         6.64041       153
   -2.08686  -2.9311     5.58112        1  Ti         6.64043        39
   -2.08686   2.9311    -5.58112        1  Ti         6.64043        75
    2.08686  -2.9311     5.58112        1  Ti         6.64043       186
    2.08686   2.9311    -5.58112        1  Ti         6.64043       232
    0        -1.23083    6.55491        1  Ti         6.66947       178
   -6.26058  -1.26998    1.94759        1  Ti         6.67839        54
    6.26058  -1.26998    1.94759        1  Ti         6.67839       175
   -0        -6.69197   -0.854771       1  Ti         6.74634       159
   -2.08686   4.4681     4.70548        2  O          6.81618        91
    2.08686   4.4681     4.70548        2  O          6.81618       256
   -0        -4.95255    4.72635        1  Ti         6.84588       202
   -2.08686   0.989252  -6.45676        2  O          6.85736        70
    2.08686   0.989252  -6.45676        2  O          6.85736       227
   -6.26058   2.72867   -0.875644       2  O          6.8853         77
    6.26058   2.72867   -0.875644       2  O          6.8853        210
   -6.26058   0.671868   2.82323        2  O          6.9005        120
    6.26058   0.671868   2.82323        2  O          6.9005        275
   -6.26058  -1.06755   -2.75789        2  O          6.92391        25
    6.26058  -1.06755   -2.75789        2  O          6.92391       135
   -2.08686  -6.61238   -0.875644       2  O          6.98894        10
    2.08686  -6.61238   -0.875644       2  O          6.98894       146
   -2.08686  -4.87296    4.70548        2  O          7.08817        35
    2.08686  -4.87296    4.70548        2  O          7.08817       182
   -4.17372  -1.73942   -5.58112        1  Ti         7.18293         9
   -4.17372   1.73942    5.58112        1  Ti         7.18293       107
    4.17372  -1.73942   -5.58112        1  Ti         7.18293       131
    4.17372   1.73942    5.58112        1  Ti         7.18293       268
   -4.17372   5.34239    2.82323        2  O          7.34382       109
    4.17372   5.34239    2.82323        2  O          7.34382       270
   -4.17372   2.76153   -5.48119        2  O          7.42223        84
    4.17372   2.76153   -5.48119        2  O          7.42223       236
    0        -3.68127   -6.45676        2  O          7.43247       140
   -6.26058   3.57012    1.84766        2  O          7.44006       100
    6.26058   3.57012    1.84766        2  O          7.44006       248
    0         7.3992    -0.875644       2  O          7.45083       217
    0        -0.908862  -7.39789        2  O          7.45351       141
    0         0.639015   7.42878        2  O          7.45621       277
    0         6.50122   -3.73346        2  O          7.49697       218
   -6.26058   1.8307    -3.73346        2  O          7.51566        79
    6.26058   1.8307    -3.73346        2  O          7.51566       212
   -4.17372  -5.94051    1.94759        1  Ti         7.51683        61
    4.17372  -5.94051    1.94759        1  Ti         7.51683       198
   -6.26058  -3.83997   -1.81677        2  O          7.56577        22
    6.26058  -3.83997   -1.81677        2  O          7.56577       132
   -2.08686   6.33165   -3.63353        1  Ti         7.59258        74
    2.08686   6.33165   -3.63353        1  Ti         7.59258       231
   -6.26058  -2.10054    3.76435        2  O          7.60115        48
    6.26058  -2.10054    3.76435        2  O          7.60115       169
   -4.17372  -5.73808   -2.75789        2  O          7.61259        29
    4.17372  -5.73808   -2.75789        2  O          7.61259       157
   -2.08686   7.31961   -0.854771       1  Ti         7.65913        67
    2.08686   7.31961   -0.854771       1  Ti         7.65913       224
   -4.17372   6.3708     0.973794       1  Ti         7.67823        90
    4.17372   6.3708     0.973794       1  Ti         7.67823       247
   -4.17372   4.38851    4.72635        1  Ti         7.68227       106
    4.17372   4.38851    4.72635        1  Ti         7.68227       267
   -2.08686   3.43969    6.55491        1  Ti         7.69112        93
    2.08686   3.43969    6.55491        1  Ti         7.69112       258
   -4.17372  -3.10068    5.68105        2  O          7.7012         56
    4.17372  -3.10068    5.68105        2  O          7.7012        193
   -4.17372   0.909661  -6.43589        1  Ti         7.72452        86
    4.17372   0.909661  -6.43589        1  Ti         7.72452       238
   -2.08686  -3.76086   -6.43589        1  Ti         7.74079        16
    2.08686  -3.76086   -6.43589        1  Ti         7.74079       152
    0        -6.77107    3.76435        2  O          7.74711       201
   -4.17372   4.63138   -4.60733        1  Ti         7.75223        64
    4.17372   4.63138   -4.60733        1  Ti         7.75223       209
   -6.26058  -0.039151  -4.60733        1  Ti         7.77328         2
    6.26058  -0.039151  -4.60733        1  Ti         7.77328       121
   -6.26058   3.68256   -2.77876        1  Ti         7.77674        80
    6.26058   3.68256   -2.77876        1  Ti         7.77674       213
   -4.17372  -4.70968   -4.60733        1  Ti         7.79926         7
    4.17372  -4.70968   -4.60733        1  Ti         7.79926       129
   -6.26058  -4.67053    0              1  Ti         7.81081        55
   -6.26058   4.67053    0              1  Ti         7.81081       103
    6.26058  -4.67053    0              1  Ti         7.81081       176
    6.26058   4.67053    0              1  Ti         7.81081       251
   -2.08686   0.469438   7.52871        1  Ti         7.82667       115
    2.08686   0.469438   7.52871        1  Ti         7.82667       288
   -6.26058  -3.00941   -3.63353        1  Ti         7.83926        27
    6.26058  -3.00941   -3.63353        1  Ti         7.83926       137
   -6.26058  -0.282021   4.72635        1  Ti         7.84938        49
    6.26058  -0.282021   4.72635        1  Ti         7.84938       170
   -4.17372  -1.23083    6.55491        1  Ti         7.86777        31
    4.17372  -1.23083    6.55491        1  Ti         7.86777       166
   -6.26058  -3.91907    2.80236        1  Ti         7.89982        53
    6.26058  -3.91907    2.80236        1  Ti         7.89982       174
   -4.17372  -6.69197   -0.854771       1  Ti         7.93304        28
    4.17372  -6.69197   -0.854771       1  Ti         7.93304       156
   -2.08686  -7.64078    0.973794       1  Ti         7.98027        42
    2.08686  -7.64078    0.973794       1  Ti         7.98027       189
   -4.17372  -4.95255    4.72635        1  Ti         8.01786        58
    4.17372  -4.95255    4.72635        1  Ti         8.01786       195
   -8.34744  -0          0              1  Ti         8.34744       118
    8.34744  -0          0              1  Ti         8.34744       253
   -2.08686   7.24051    3.76435        2  O          8.4232         92
    2.08686   7.24051    3.76435        2  O          8.4232        257
    0         6.24037    5.68105        2  O          8.43899       276
    0         8.24065    1.84766        2  O          8.44524       254
    0        -7.67993   -3.63353        1  Ti         8.49611       162
   -4.17372  -3.68127   -6.45676        2  O          8.52417         5
    4.17372  -3.68127   -6.45676        2  O          8.52417       127
   -6.26058   5.50109   -1.81677        2  O          8.5298         78
    6.26058   5.50109   -1.81677        2  O          8.5298        211
   -6.26058  -1.909     -5.48119        2  O          8.53713        24
    6.26058  -1.909     -5.48119        2  O          8.53713       134
   -4.17372   7.3992    -0.875644       2  O          8.54019        62
    4.17372   7.3992    -0.875644       2  O          8.54019       207
   -4.17372  -0.908862  -7.39789        2  O          8.54252         6
    4.17372  -0.908862  -7.39789        2  O          8.54252       128
    0         1.86355   -8.33901        2  O          8.5447        246
   -4.17372   0.639015   7.42878        2  O          8.54488       104
    4.17372   0.639015   7.42878        2  O          8.54488       265
   -2.08686   3.76166   -7.39789        2  O          8.55768        71
    2.08686   3.76166   -7.39789        2  O          8.55768       228
   -2.08686   8.07107    1.94759        1  Ti         8.56097        98
    2.08686   8.07107    1.94759        1  Ti         8.56097       263
    0        -6.57952   -5.48119        2  O          8.5635        160
   -4.17372   6.50122   -3.73346        2  O          8.58048        63
    4.17372   6.50122   -3.73346        2  O          8.58048       208
   -8.34744   0.83056   -1.81677        2  O          8.58314        88
    8.34744   0.83056   -1.81677        2  O          8.58314       215
    0         5.65978   -6.45676        2  O          8.5862        219
   -6.26058   1.56985    5.68105        2  O          8.59847       119
    6.26058   1.56985    5.68105        2  O          8.59847       274
   -8.34744  -1.94185   -0.875644       2  O          8.61495        20
    8.34744  -1.94185   -0.875644       2  O          8.61495       122
   -8.34744  -1.10041    1.84766        2  O          8.62001        46
    8.34744  -1.10041    1.84766        2  O          8.62001       163
    0        -4.20109    7.52871        1  Ti         8.62152       203
   -2.08686  -7.51035   -3.73346        2  O          8.64287        14
    2.08686  -7.51035   -3.73346        2  O          8.64287       150
    0        -8.51049   -1.81677        2  O          8.70225       158
    0        -2.25924    8.40435        2  O          8.70272       200
   -2.08686  -4.03151    7.42878        2  O          8.70602        34
    2.08686  -4.03151    7.42878        2  O          8.70602       181
   -6.26058  -5.77093    1.84766        2  O          8.71277        52
    6.26058  -5.77093    1.84766        2  O          8.71277       173
   -6.26058   5.42199    2.80236        1  Ti         8.74334       102
    6.26058   5.42199    2.80236        1  Ti         8.74334       250
    0         2.49088    8.38348        1  Ti         8.7457        280
   -2.08686  -6.40995   -5.58112        1  Ti         8.75165        19
   -2.08686   6.40995    5.58112        1  Ti         8.75165        94
    2.08686  -6.40995   -5.58112        1  Ti         8.75165       155
    2.08686   6.40995    5.58112        1  Ti         8.75165       259
   -2.08686   5.58019   -6.43589        1  Ti         8.77007        72
    2.08686   5.58019   -6.43589        1  Ti         8.77007       229
    0        -2.72738   -8.35988        1  Ti         8.79353       145
   -8.34744   2.64908   -0.854771       1  Ti         8.79932        89
    8.34744   2.64908   -0.854771       1  Ti         8.79932       216
   -4.17372  -6.77107    3.76435        2  O          8.79987        57
    4.17372  -6.77107    3.76435        2  O          8.79987       194
    0         8.35309   -2.77876        1  Ti         8.80316       221
   -2.08686   1.94314   -8.35988        1  Ti         8.8328         76
    2.08686   1.94314   -8.35988        1  Ti         8.8328        233
   -8.34744   0.751459   2.80236        1  Ti         8.83729       117
    8.34744   0.751459   2.80236        1  Ti         8.83729       252
   -8.34744  -0.987963  -2.77876        1  Ti         8.8531         21
    8.34744  -0.987963  -2.77876        1  Ti         8.8531        123
   -6.26058  -5.65849   -2.77876        1  Ti         8.88453        26
    6.26058  -5.65849   -2.77876        1  Ti         8.88453       136
   -6.26058  -2.9311     5.58112        1  Ti         8.88455        50
   -6.26058   2.9311    -5.58112        1  Ti         8.88455        81
    6.26058  -2.9311     5.58112        1  Ti         8.88455       171
    6.26058   2.9311    -5.58112        1  Ti         8.88455       214
   -2.08686  -2.17964    8.38348        1  Ti         8.91002        38
    2.08686  -2.17964    8.38348        1  Ti         8.91002       185
   -8.34744  -2.97025    0.973794       1  Ti         8.9135         47
    8.34744  -2.97025    0.973794       1  Ti         8.9135        164
   -2.08686   8.2735    -2.75789        2  O          8.96726        69
    2.08686   8.2735    -2.75789        2  O          8.96726       226
   -2.08686   2.41129    8.40435        2  O          8.98902       114
    2.08686   2.41129    8.40435        2  O          8.98902       287
END
