# # comment:                                                     FEFF 9.9.1  
# # Source:
# # Structure
# # Reduced
# # space
# # abc:
# # angles:
# # sites:
# # POT  SCF 100  7.0000   0, screened core-hole, AFOLP (folp(0)= 1.150)
# # Abs   Z=22 Rmt= 1.372 Rnm= 1.446 K  shell
# # Pot 1 Z=22 Rmt= 1.377 Rnm= 1.451
# # Pot 2 Z= 8 Rmt= 0.988 Rnm= 1.070
# # Gam_ch=9.030E-01 H-L exch Vi= 0.000E+00 Vr= 0.000E+00
# # Mu=-1.296E+01eV kf=2.215E+00 Vint=-2.384E+01eV Rs_int= 1.638
# FMS rfms= 9.0000
# # PATH  Rmax=-1.000,  Keep_limit= 0.00, Heap_limit 0.00  Pwcrit= 2.50%
#  S02=0.943  Temp=   0.00  Debye_temp=   0.00  Global_sig2= 0.00000
#  Energy zero shift, vr, vi    0.00000E+00   0.00000E+00
#  Curved wave amplitude ratio filter   4.000%
#     file         sig2 tot  cw amp ratio   deg  nlegs   reff  inp sig2
#     0/   0 paths used
#  xsedge+ 50, used to normalize mu           4.6805E-04
#  -----------------------------------------------------------------------
#  omega    e    k    mu    mu0     chi     @#
    4968.156    -16.768  -1.000  1.94845E-02  3.05812E-02 -1.10966E-02
    4968.454    -16.469  -0.960  2.05316E-02  3.29624E-02 -1.24308E-02
    4968.741    -16.183  -0.920  2.16696E-02  3.56362E-02 -1.39666E-02
    4969.015    -15.908  -0.880  2.29117E-02  3.86528E-02 -1.57411E-02
    4969.277    -15.646  -0.840  2.42740E-02  4.20736E-02 -1.77997E-02
    4969.527    -15.396  -0.800  2.57760E-02  4.59737E-02 -2.01977E-02
    4969.765    -15.158  -0.760  2.74418E-02  5.04458E-02 -2.30040E-02
    4969.990    -14.933  -0.720  2.93013E-02  5.56051E-02 -2.63038E-02
    4970.204    -14.719  -0.680  3.13913E-02  6.15947E-02 -3.02034E-02
    4970.405    -14.518  -0.640  3.37575E-02  6.85931E-02 -3.48356E-02
    4970.594    -14.329  -0.600  3.64564E-02  7.68223E-02 -4.03659E-02
    4970.771    -14.153  -0.560  3.95571E-02  8.65557E-02 -4.69986E-02
    4970.935    -13.988  -0.520  4.31426E-02  9.81242E-02 -5.49816E-02
    4971.088    -13.836  -0.480  4.73081E-02  1.11912E-01 -6.46041E-02
    4971.228    -13.695  -0.440  5.21549E-02  1.28334E-01 -7.61786E-02
    4971.356    -13.567  -0.400  5.77734E-02  1.47766E-01 -8.99924E-02
    4971.472    -13.452  -0.360  6.42100E-02  1.70418E-01 -1.06208E-01
    4971.575    -13.348  -0.320  7.14166E-02  1.96122E-01 -1.24706E-01
    4971.667    -13.256  -0.280  7.91942E-02  2.24111E-01 -1.44917E-01
    4971.746    -13.177  -0.240  8.71700E-02  2.52920E-01 -1.65750E-01
    4971.813    -13.110  -0.200  9.48476E-02  2.80606E-01 -1.85758E-01
    4971.868    -13.055  -0.160  1.01721E-01  3.05228E-01 -2.03507E-01
    4971.911    -13.013  -0.120  1.07385E-01  3.25304E-01 -2.17919E-01
    4971.941    -12.982  -0.080  1.11577E-01  3.39964E-01 -2.28386E-01
    4971.966    -12.958   0.000  1.15033E-01  3.51790E-01 -2.36757E-01
    4972.020    -12.903   0.120  1.22756E-01  3.78357E-01 -2.55601E-01
    4972.063    -12.860   0.160  1.28767E-01  3.98613E-01 -2.69846E-01
    4972.118    -12.805   0.200  1.36425E-01  4.23612E-01 -2.87187E-01
    4972.185    -12.738   0.240  1.45576E-01  4.51968E-01 -3.06392E-01
    4972.264    -12.659   0.280  1.55995E-01  4.81826E-01 -3.25831E-01
    4972.356    -12.568   0.320  1.67383E-01  5.11315E-01 -3.43931E-01
    4972.459    -12.464   0.360  1.79291E-01  5.39041E-01 -3.59750E-01
    4972.575    -12.348   0.400  1.90805E-01  5.64249E-01 -3.73444E-01
    4972.703    -12.220   0.440  2.00503E-01  5.86784E-01 -3.86281E-01
    4972.843    -12.080   0.480  2.06960E-01  6.06845E-01 -3.99885E-01
    4972.996    -11.928   0.520  2.09508E-01  6.24787E-01 -4.15279E-01
    4973.160    -11.763   0.560  2.08664E-01  6.40999E-01 -4.32335E-01
    4973.337    -11.586   0.600  2.05962E-01  6.55836E-01 -4.49874E-01
    4973.526    -11.397   0.640  2.04103E-01  6.69608E-01 -4.65506E-01
    4973.727    -11.196   0.680  2.06243E-01  6.82539E-01 -4.76295E-01
    4973.941    -10.983   0.720  2.13265E-01  6.94839E-01 -4.81574E-01
    4974.166    -10.757   0.760  2.23514E-01  7.06637E-01 -4.83123E-01
    4974.404    -10.519   0.800  2.36181E-01  7.18054E-01 -4.81872E-01
    4974.654    -10.269   0.840  2.54062E-01  7.29166E-01 -4.75104E-01
    4974.916    -10.007   0.880  2.80302E-01  7.40046E-01 -4.59745E-01
    4975.190     -9.733   0.920  3.10256E-01  7.50720E-01 -4.40464E-01
    4975.477     -9.446   0.960  3.33171E-01  7.61230E-01 -4.28059E-01
    4975.776     -9.148   1.000  3.43287E-01  7.71588E-01 -4.28301E-01
    4976.086     -8.837   1.040  3.52163E-01  7.81817E-01 -4.29654E-01
    4976.410     -8.514   1.080  3.78621E-01  7.91903E-01 -4.13282E-01
    4976.745     -8.178   1.120  4.18241E-01  8.01858E-01 -3.83617E-01
    4977.092     -7.831   1.160  4.64936E-01  8.11670E-01 -3.46734E-01
    4977.452     -7.471   1.200  5.25802E-01  8.21330E-01 -2.95528E-01
    4977.824     -7.100   1.240  5.90152E-01  8.30844E-01 -2.40692E-01
    4978.208     -6.715   1.280  6.48098E-01  8.40177E-01 -1.92080E-01
    4978.604     -6.319   1.320  6.94010E-01  8.49332E-01 -1.55322E-01
    4979.013     -5.911   1.360  7.28388E-01  8.58294E-01 -1.29906E-01
    4979.433     -5.490   1.400  7.34721E-01  8.67036E-01 -1.32315E-01
    4979.866     -5.057   1.440  7.11914E-01  8.75572E-01 -1.63658E-01
    4980.311     -4.612   1.480  6.85000E-01  8.83865E-01 -1.98865E-01
    4980.768     -4.155   1.520  6.69817E-01  8.91915E-01 -2.22098E-01
    4981.238     -3.686   1.560  6.89410E-01  8.99700E-01 -2.10290E-01
    4981.719     -3.204   1.600  7.67300E-01  9.07219E-01 -1.39919E-01
    4982.213     -2.710   1.640  8.86069E-01  9.14457E-01 -2.83882E-02
    4982.719     -2.204   1.680  1.00604E+00  9.21417E-01  8.46202E-02
    4983.237     -1.686   1.720  1.08243E+00  9.28090E-01  1.54336E-01
    4983.767     -1.156   1.760  1.09687E+00  9.34454E-01  1.62415E-01
    4984.310     -0.613   1.800  1.11233E+00  9.40527E-01  1.71800E-01
    4984.865     -0.059   1.840  1.14380E+00  9.46282E-01  1.97514E-01
    4985.432      0.508   1.880  1.19717E+00  9.51738E-01  2.45434E-01
    4986.011      1.087   1.920  1.30269E+00  9.56878E-01  3.45812E-01
    4986.602      1.679   1.960  1.44191E+00  9.61724E-01  4.80182E-01
    4987.206      2.282   2.000  1.55990E+00  9.66263E-01  5.93633E-01
    4987.821      2.898   2.040  1.65700E+00  9.70496E-01  6.86505E-01
    4988.449      3.526   2.080  1.73997E+00  9.74435E-01  7.65536E-01
    4989.089      4.166   2.120  1.71475E+00  9.78088E-01  7.36666E-01
    4989.741      4.818   2.160  1.53945E+00  9.81455E-01  5.57996E-01
    4990.406      5.483   2.200  1.34716E+00  9.84538E-01  3.62618E-01
    4991.083      6.159   2.240  1.20672E+00  9.87367E-01  2.19349E-01
    4991.771      6.848   2.280  1.09797E+00  9.89923E-01  1.08042E-01
    4992.472      7.549   2.320  1.00315E+00  9.92235E-01  1.09163E-02
    4993.186      8.262   2.360  9.20677E-01  9.94301E-01 -7.36240E-02
    4993.911      8.988   2.400  8.69159E-01  9.96144E-01 -1.26986E-01
    4994.649      9.725   2.440  8.52013E-01  9.97762E-01 -1.45748E-01
    4995.399     10.475   2.480  8.65387E-01  9.99172E-01 -1.33785E-01
    4996.161     11.237   2.520  9.01082E-01  1.00039E+00 -9.93119E-02
    4996.935     12.011   2.560  9.49335E-01  1.00143E+00 -5.20949E-02
    4997.721     12.798   2.600  1.00643E+00  1.00229E+00  4.14106E-03
    4998.520     13.596   2.640  1.06315E+00  1.00298E+00  6.01696E-02
    4999.330     14.407   2.680  1.10291E+00  1.00353E+00  9.93840E-02
    5000.153     15.230   2.720  1.12276E+00  1.00394E+00  1.18816E-01
    5000.989     16.065   2.760  1.12551E+00  1.00423E+00  1.21280E-01
    5001.836     16.913   2.800  1.11622E+00  1.00440E+00  1.11822E-01
    5002.695     17.772   2.840  1.09777E+00  1.00446E+00  9.33140E-02
    5003.567     18.644   2.880  1.07164E+00  1.00444E+00  6.72040E-02
    5004.451     19.528   2.920  1.03994E+00  1.00432E+00  3.56238E-02
    5005.347     20.424   2.960  1.00685E+00  1.00412E+00  2.72403E-03
    5006.255     21.332   3.000  9.76504E-01  1.00387E+00 -2.73679E-02
    5007.176     22.253   3.040  9.50839E-01  1.00357E+00 -5.27335E-02
    5008.109     23.185   3.080  9.30333E-01  1.00321E+00 -7.28778E-02
    5009.054     24.130   3.120  9.14516E-01  1.00282E+00 -8.83006E-02
    5010.011     25.087   3.160  9.01957E-01  1.00239E+00 -1.00432E-01
    5010.980     26.056   3.200  8.91380E-01  1.00193E+00 -1.10554E-01
    5011.961     27.038   3.240  8.82027E-01  1.00147E+00 -1.19440E-01
    5012.955     28.032   3.280  8.73264E-01  1.00098E+00 -1.27719E-01
    5013.961     29.037   3.320  8.64982E-01  1.00049E+00 -1.35510E-01
    5014.979     30.055   3.360  8.57597E-01  9.99990E-01 -1.42393E-01
    5016.009     31.086   3.400  8.51637E-01  9.99499E-01 -1.47862E-01
    5017.051     32.128   3.440  8.47471E-01  9.99020E-01 -1.51549E-01
    5018.106     33.183   3.480  8.45157E-01  9.98542E-01 -1.53385E-01
    5019.173     34.249   3.520  8.44288E-01  9.98072E-01 -1.53785E-01
    5020.252     35.328   3.560  8.43879E-01  9.97630E-01 -1.53751E-01
    5021.343     36.420   3.600  8.43061E-01  9.97193E-01 -1.54132E-01
    5022.446     37.523   3.640  8.42086E-01  9.96775E-01 -1.54690E-01
    5023.562     38.639   3.680  8.42539E-01  9.96377E-01 -1.53837E-01
    5024.690     39.766   3.720  8.46821E-01  9.96014E-01 -1.49194E-01
    5025.830     40.906   3.760  8.57200E-01  9.95656E-01 -1.38456E-01
    5026.982     42.058   3.800  8.75190E-01  9.95316E-01 -1.20126E-01
    5028.146     43.223   3.840  9.01192E-01  9.95013E-01 -9.38202E-02
    5029.323     44.399   3.880  9.34451E-01  9.94716E-01 -6.02644E-02
    5030.511     45.588   3.920  9.73645E-01  9.94437E-01 -2.07917E-02
    5031.712     46.789   3.960  1.01716E+00  9.94187E-01  2.29716E-02
    5032.925     48.002   4.000  1.06307E+00  9.93931E-01  6.91398E-02
    5034.151     49.227   4.040  1.10908E+00  9.93705E-01  1.15373E-01
    5035.388     50.465   4.080  1.15208E+00  9.93486E-01  1.58592E-01
    5036.638     51.714   4.120  1.18872E+00  9.93283E-01  1.95437E-01
    5037.900     52.976   4.160  1.21590E+00  9.93078E-01  2.22824E-01
    5039.174     54.250   4.200  1.23061E+00  9.92887E-01  2.37723E-01
    5040.460     55.537   4.240  1.23056E+00  9.92685E-01  2.37871E-01
    5041.758     56.835   4.280  1.21611E+00  9.92497E-01  2.23612E-01
    5043.069     58.146   4.320  1.19066E+00  9.92291E-01  1.98370E-01
    5044.392     59.469   4.360  1.15909E+00  9.92081E-01  1.67013E-01
    5045.727     60.804   4.400  1.12568E+00  9.91870E-01  1.33813E-01
    5047.074     62.151   4.440  1.09304E+00  9.91639E-01  1.01398E-01
    5048.433     63.510   4.480  1.06208E+00  9.91401E-01  7.06811E-02
    5049.805     64.882   4.520  1.03258E+00  9.91143E-01  4.14318E-02
    5051.189     66.266   4.560  1.00402E+00  9.90864E-01  1.31559E-02
    5052.585     67.662   4.600  9.76163E-01  9.90563E-01 -1.44004E-02
    5053.993     69.070   4.640  9.49397E-01  9.90238E-01 -4.08410E-02
    5055.413     70.490   4.680  9.24973E-01  9.89876E-01 -6.49028E-02
    5056.846     71.923   4.720  9.04921E-01  9.89504E-01 -8.45822E-02
    5058.291     73.367   4.760  8.91655E-01  9.89094E-01 -9.74385E-02
    5059.748     74.824   4.800  8.87526E-01  9.88642E-01 -1.01115E-01
    5061.217     76.293   4.840  8.94084E-01  9.88178E-01 -9.40945E-02
    5062.698     77.775   4.880  9.10906E-01  9.87663E-01 -7.67576E-02
    5064.192     79.268   4.920  9.34965E-01  9.87121E-01 -5.21554E-02
    5065.697     80.774   4.960  9.60932E-01  9.86537E-01 -2.56042E-02
    5067.215     82.292   5.000  9.82544E-01  9.85925E-01 -3.38111E-03
    5068.745     83.822   5.040  9.94543E-01  9.85272E-01  9.27110E-03
    5070.288     85.364   5.080  9.94924E-01  9.84579E-01  1.03444E-02
    5071.842     86.919   5.120  9.85397E-01  9.83846E-01  1.55076E-03
    5073.409     88.485   5.160  9.69818E-01  9.83082E-01 -1.32636E-02
    5074.988     90.064   5.200  9.52355E-01  9.82281E-01 -2.99257E-02
    5076.579     91.655   5.240  9.36229E-01  9.81452E-01 -4.52235E-02
    5078.182     93.259   5.280  9.23301E-01  9.80586E-01 -5.72849E-02
    5079.797     94.874   5.320  9.14668E-01  9.79679E-01 -6.50114E-02
    5081.425     96.502   5.360  9.11586E-01  9.78758E-01 -6.71720E-02
    5083.065     98.141   5.400  9.15455E-01  9.77792E-01 -6.23372E-02
    5084.717     99.793   5.440  9.27208E-01  9.76813E-01 -4.96047E-02
    5086.381    101.458   5.480  9.46374E-01  9.75797E-01 -2.94225E-02
    5088.057    103.134   5.520  9.70812E-01  9.74772E-01 -3.95965E-03
    5089.746    104.823   5.560  9.96487E-01  9.73714E-01  2.27731E-02
    5091.447    106.523   5.600  1.01816E+00  9.72649E-01  4.55096E-02
    5093.160    108.236   5.640  1.03088E+00  9.71566E-01  5.93136E-02
    5094.885    109.961   5.680  1.03191E+00  9.70465E-01  6.14480E-02
    5096.622    111.699   5.720  1.02146E+00  9.69345E-01  5.21155E-02
    5098.372    113.448   5.760  1.00222E+00  9.68236E-01  3.39888E-02
    5100.133    115.210   5.800  9.78361E-01  9.67114E-01  1.12468E-02
    5101.907    116.984   5.840  9.54271E-01  9.65980E-01 -1.17089E-02
    5103.694    118.770   5.880  9.33670E-01  9.64863E-01 -3.11928E-02
    5105.492    120.568   5.920  9.19029E-01  9.63757E-01 -4.47287E-02
    5107.302    122.379   5.960  9.11344E-01  9.62653E-01 -5.13091E-02
    5109.125    124.202   6.000  9.10941E-01  9.61574E-01 -5.06326E-02
