-0.20000000E+02 7.06363e-09
-0.19950000E+02 7.07839e-09
-0.19900000E+02 7.0932e-09
-0.19850000E+02 7.10807e-09
-0.19800000E+02 7.12298e-09
-0.19750000E+02 7.13794e-09
-0.19700000E+02 7.15295e-09
-0.19650000E+02 7.16801e-09
-0.19600000E+02 7.18312e-09
-0.19550000E+02 7.19828e-09
-0.19500000E+02 7.21349e-09
-0.19450000E+02 7.22876e-09
-0.19400000E+02 7.24407e-09
-0.19350000E+02 7.25944e-09
-0.19300000E+02 7.27486e-09
-0.19250000E+02 7.29033e-09
-0.19200000E+02 7.30585e-09
-0.19150000E+02 7.32143e-09
-0.19100000E+02 7.33705e-09
-0.19050000E+02 7.35274e-09
-0.19000000E+02 7.36847e-09
-0.18950000E+02 7.38426e-09
-0.18900000E+02 7.4001e-09
-0.18850000E+02 7.416e-09
-0.18800000E+02 7.43195e-09
-0.18750000E+02 7.44796e-09
-0.18700000E+02 7.46402e-09
-0.18650000E+02 7.48013e-09
-0.18600000E+02 7.49631e-09
-0.18550000E+02 7.51253e-09
-0.18500000E+02 7.52882e-09
-0.18450000E+02 7.54516e-09
-0.18400000E+02 7.56155e-09
-0.18350000E+02 7.57801e-09
-0.18300000E+02 7.59452e-09
-0.18250000E+02 7.61109e-09
-0.18200000E+02 7.62771e-09
-0.18150000E+02 7.64439e-09
-0.18100000E+02 7.66114e-09
-0.18050000E+02 7.67794e-09
-0.18000000E+02 7.6948e-09
-0.17950000E+02 7.71172e-09
-0.17900000E+02 7.72869e-09
-0.17850000E+02 7.74573e-09
-0.17800000E+02 7.76283e-09
-0.17750000E+02 7.77999e-09
-0.17700000E+02 7.79721e-09
-0.17650000E+02 7.81449e-09
-0.17600000E+02 7.83183e-09
-0.17550000E+02 7.84923e-09
-0.17500000E+02 7.8667e-09
-0.17450000E+02 7.88422e-09
-0.17400000E+02 7.90181e-09
-0.17350000E+02 7.91947e-09
-0.17300000E+02 7.93718e-09
-0.17250000E+02 7.95496e-09
-0.17200000E+02 7.9728e-09
-0.17150000E+02 7.99071e-09
-0.17100000E+02 8.00868e-09
-0.17050000E+02 8.02672e-09
-0.17000000E+02 8.04482e-09
-0.16950000E+02 8.06299e-09
-0.16900000E+02 8.08122e-09
-0.16850000E+02 8.09952e-09
-0.16800000E+02 8.11788e-09
-0.16750000E+02 8.13631e-09
-0.16700000E+02 8.15481e-09
-0.16650000E+02 8.17338e-09
-0.16600000E+02 8.19202e-09
-0.16550000E+02 8.21072e-09
-0.16500000E+02 8.22949e-09
-0.16450000E+02 8.24833e-09
-0.16400000E+02 8.26724e-09
-0.16350000E+02 8.28622e-09
-0.16300000E+02 8.30527e-09
-0.16250000E+02 8.32439e-09
-0.16200000E+02 8.34358e-09
-0.16150000E+02 8.36284e-09
-0.16100000E+02 8.38218e-09
-0.16050000E+02 8.40158e-09
-0.16000000E+02 8.42106e-09
-0.15950000E+02 8.44061e-09
-0.15900000E+02 8.46023e-09
-0.15850000E+02 8.47993e-09
-0.15800000E+02 8.4997e-09
-0.15750000E+02 8.51955e-09
-0.15700000E+02 8.53947e-09
-0.15650000E+02 8.55946e-09
-0.15600000E+02 8.57953e-09
-0.15550000E+02 8.59968e-09
-0.15500000E+02 8.6199e-09
-0.15450000E+02 8.6402e-09
-0.15400000E+02 8.66058e-09
-0.15350000E+02 8.68103e-09
-0.15300000E+02 8.70156e-09
-0.15250000E+02 8.72217e-09
-0.15200000E+02 8.74286e-09
-0.15150000E+02 8.76363e-09
-0.15100000E+02 8.78448e-09
-0.15050000E+02 8.80541e-09
-0.15000000E+02 8.82642e-09
-0.14950000E+02 8.84751e-09
-0.14900000E+02 8.86868e-09
-0.14850000E+02 8.88993e-09
-0.14800000E+02 8.91127e-09
-0.14750000E+02 8.93269e-09
-0.14700000E+02 8.95419e-09
-0.14650000E+02 8.97578e-09
-0.14600000E+02 8.99745e-09
-0.14550000E+02 9.0192e-09
-0.14500000E+02 9.04104e-09
-0.14450000E+02 9.06297e-09
-0.14400000E+02 9.08498e-09
-0.14350000E+02 9.10708e-09
-0.14300000E+02 9.12926e-09
-0.14250000E+02 9.15154e-09
-0.14200000E+02 9.1739e-09
-0.14150000E+02 9.19635e-09
-0.14100000E+02 9.21889e-09
-0.14050000E+02 9.24152e-09
-0.14000000E+02 9.26424e-09
-0.13950000E+02 9.28705e-09
-0.13900000E+02 9.30995e-09
-0.13850000E+02 9.33294e-09
-0.13800000E+02 9.35603e-09
-0.13750000E+02 9.3792e-09
-0.13700000E+02 9.40248e-09
-0.13650000E+02 9.42584e-09
-0.13600000E+02 9.4493e-09
-0.13550000E+02 9.47286e-09
-0.13500000E+02 9.49651e-09
-0.13450000E+02 9.52026e-09
-0.13400000E+02 9.5441e-09
-0.13350000E+02 9.56804e-09
-0.13300000E+02 9.59208e-09
-0.13250000E+02 9.61622e-09
-0.13200000E+02 9.64045e-09
-0.13150000E+02 9.66479e-09
-0.13100000E+02 9.68922e-09
-0.13050000E+02 9.71376e-09
-0.13000000E+02 9.7384e-09
-0.12950000E+02 9.76314e-09
-0.12900000E+02 9.78798e-09
-0.12850000E+02 9.81293e-09
-0.12800000E+02 9.83798e-09
-0.12750000E+02 9.86313e-09
-0.12700000E+02 9.88839e-09
-0.12650000E+02 9.91376e-09
-0.12600000E+02 9.93923e-09
-0.12550000E+02 9.96481e-09
-0.12500000E+02 9.9905e-09
-0.12450000E+02 1.00163e-08
-0.12400000E+02 1.00422e-08
-0.12350000E+02 1.00682e-08
-0.12300000E+02 1.00943e-08
-0.12250000E+02 1.01206e-08
-0.12200000E+02 1.01469e-08
-0.12150000E+02 1.01734e-08
-0.12100000E+02 1.02e-08
-0.12050000E+02 1.02266e-08
-0.12000000E+02 1.02534e-08
-0.11950000E+02 1.02804e-08
-0.11900000E+02 1.03074e-08
-0.11850000E+02 1.03346e-08
-0.11800000E+02 1.03618e-08
-0.11750000E+02 1.03892e-08
-0.11700000E+02 1.04167e-08
-0.11650000E+02 1.04443e-08
-0.11600000E+02 1.04721e-08
-0.11550000E+02 1.05e-08
-0.11500000E+02 1.05279e-08
-0.11450000E+02 1.05561e-08
-0.11400000E+02 1.05843e-08
-0.11350000E+02 1.06127e-08
-0.11300000E+02 1.06411e-08
-0.11250000E+02 1.06698e-08
-0.11200000E+02 1.06985e-08
-0.11150000E+02 1.07274e-08
-0.11100000E+02 1.07564e-08
-0.11050000E+02 1.07855e-08
-0.11000000E+02 1.08147e-08
-0.10950000E+02 1.08441e-08
-0.10900000E+02 1.08737e-08
-0.10850000E+02 1.09033e-08
-0.10800000E+02 1.09331e-08
-0.10750000E+02 1.0963e-08
-0.10700000E+02 1.09931e-08
-0.10650000E+02 1.10233e-08
-0.10600000E+02 1.10536e-08
-0.10550000E+02 1.10841e-08
-0.10500000E+02 1.11147e-08
-0.10450000E+02 1.11454e-08
-0.10400000E+02 1.11763e-08
-0.10350000E+02 1.12074e-08
-0.10300000E+02 1.12385e-08
-0.10250000E+02 1.12699e-08
-0.10200000E+02 1.13013e-08
-0.10150000E+02 1.13329e-08
-0.10100000E+02 1.13647e-08
-0.10050000E+02 1.13966e-08
-0.10000000E+02 1.14287e-08
-0.99500000E+01 1.14609e-08
-0.99000000E+01 1.14932e-08
-0.98500000E+01 1.15257e-08
-0.98000000E+01 1.15584e-08
-0.97500000E+01 1.15912e-08
-0.97000000E+01 1.16242e-08
-0.96500000E+01 1.16573e-08
-0.96000000E+01 1.16906e-08
-0.95500000E+01 1.17241e-08
-0.95000000E+01 1.17577e-08
-0.94500000E+01 1.17914e-08
-0.94000000E+01 1.18254e-08
-0.93500000E+01 1.18595e-08
-0.93000000E+01 1.18937e-08
-0.92500000E+01 1.19282e-08
-0.92000000E+01 1.19628e-08
-0.91500000E+01 1.19975e-08
-0.91000000E+01 1.20325e-08
-0.90500000E+01 1.20676e-08
-0.90000000E+01 1.21028e-08
-0.89500000E+01 1.21383e-08
-0.89000000E+01 1.21739e-08
-0.88500000E+01 1.22097e-08
-0.88000000E+01 1.22457e-08
-0.87500000E+01 1.22819e-08
-0.87000000E+01 1.23182e-08
-0.86500000E+01 1.23547e-08
-0.86000000E+01 1.23914e-08
-0.85500000E+01 1.24283e-08
-0.85000000E+01 1.24654e-08
-0.84500000E+01 1.25026e-08
-0.84000000E+01 1.25401e-08
-0.83500000E+01 1.25777e-08
-0.83000000E+01 1.26156e-08
-0.82500000E+01 1.26536e-08
-0.82000000E+01 1.26918e-08
-0.81500000E+01 1.27302e-08
-0.81000000E+01 1.27688e-08
-0.80500000E+01 1.28076e-08
-0.80000000E+01 1.28466e-08
-0.79500000E+01 1.28859e-08
-0.79000000E+01 1.29253e-08
-0.78500000E+01 1.29649e-08
-0.78000000E+01 1.30047e-08
-0.77500000E+01 1.30448e-08
-0.77000000E+01 1.3085e-08
-0.76500000E+01 1.31255e-08
-0.76000000E+01 1.31661e-08
-0.75500000E+01 1.3207e-08
-0.75000000E+01 1.32481e-08
-0.74500000E+01 1.32895e-08
-0.74000000E+01 1.3331e-08
-0.73500000E+01 1.33728e-08
-0.73000000E+01 1.34148e-08
-0.72500000E+01 1.3457e-08
-0.72000000E+01 1.34994e-08
-0.71500000E+01 1.35421e-08
-0.71000000E+01 1.3585e-08
-0.70500000E+01 1.36282e-08
-0.70000000E+01 1.36715e-08
-0.69500000E+01 1.37152e-08
-0.69000000E+01 1.3759e-08
-0.68500000E+01 1.38031e-08
-0.68000000E+01 1.38475e-08
-0.67500000E+01 1.38921e-08
-0.67000000E+01 1.39369e-08
-0.66500000E+01 1.3982e-08
-0.66000000E+01 1.40273e-08
-0.65500000E+01 1.40729e-08
-0.65000000E+01 1.41188e-08
-0.64500000E+01 1.41649e-08
-0.64000000E+01 1.42113e-08
-0.63500000E+01 1.42579e-08
-0.63000000E+01 1.43048e-08
-0.62500000E+01 1.4352e-08
-0.62000000E+01 1.43994e-08
-0.61500000E+01 1.44472e-08
-0.61000000E+01 1.44952e-08
-0.60500000E+01 1.45434e-08
-0.60000000E+01 1.4592e-08
-0.59500000E+01 1.46408e-08
-0.59000000E+01 1.469e-08
-0.58500000E+01 1.47394e-08
-0.58000000E+01 1.47891e-08
-0.57500000E+01 1.48391e-08
-0.57000000E+01 1.48894e-08
-0.56500000E+01 1.494e-08
-0.56000000E+01 1.49909e-08
-0.55500000E+01 1.50421e-08
-0.55000000E+01 1.50936e-08
-0.54500000E+01 1.51454e-08
-0.54000000E+01 1.51976e-08
-0.53500000E+01 1.525e-08
-0.53000000E+01 1.53028e-08
-0.52500000E+01 1.53559e-08
-0.52000000E+01 1.54094e-08
-0.51500000E+01 1.54631e-08
-0.51000000E+01 1.55172e-08
-0.50500000E+01 1.55717e-08
-0.50000000E+01 1.56265e-08
-0.49500000E+01 1.56816e-08
-0.49000000E+01 1.57371e-08
-0.48500000E+01 1.57929e-08
-0.48000000E+01 1.5849e-08
-0.47500000E+01 1.59056e-08
-0.47000000E+01 1.59625e-08
-0.46500000E+01 1.60197e-08
-0.46000000E+01 1.60774e-08
-0.45500000E+01 1.61354e-08
-0.45000000E+01 1.61938e-08
-0.44500000E+01 1.62525e-08
-0.44000000E+01 1.63117e-08
-0.43500000E+01 1.63712e-08
-0.43000000E+01 1.64311e-08
-0.42500000E+01 1.64915e-08
-0.42000000E+01 1.65522e-08
-0.41500000E+01 1.66133e-08
-0.41000000E+01 1.66749e-08
-0.40500000E+01 1.67369e-08
-0.40000000E+01 1.67993e-08
-0.39500000E+01 1.68621e-08
-0.39000000E+01 1.69253e-08
-0.38500000E+01 1.6989e-08
-0.38000000E+01 1.70531e-08
-0.37500000E+01 1.71177e-08
-0.37000000E+01 1.71827e-08
-0.36500000E+01 1.72482e-08
-0.36000000E+01 1.73141e-08
-0.35500000E+01 1.73805e-08
-0.35000000E+01 1.74474e-08
-0.34500000E+01 1.75147e-08
-0.34000000E+01 1.75825e-08
-0.33500000E+01 1.76509e-08
-0.33000000E+01 1.77197e-08
-0.32500000E+01 1.7789e-08
-0.32000000E+01 1.78588e-08
-0.31500000E+01 1.79291e-08
-0.31000000E+01 1.8e-08
-0.30500000E+01 1.80714e-08
-0.30000000E+01 1.81433e-08
-0.29500000E+01 1.82157e-08
-0.29000000E+01 1.82887e-08
-0.28500000E+01 1.83623e-08
-0.28000000E+01 1.84364e-08
-0.27500000E+01 1.85111e-08
-0.27000000E+01 1.85863e-08
-0.26500000E+01 1.86622e-08
-0.26000000E+01 1.87386e-08
-0.25500000E+01 1.88157e-08
-0.25000000E+01 1.88933e-08
-0.24500000E+01 1.89715e-08
-0.24000000E+01 1.90504e-08
-0.23500000E+01 1.91299e-08
-0.23000000E+01 1.92101e-08
-0.22500000E+01 1.92909e-08
-0.22000000E+01 1.93723e-08
-0.21500000E+01 1.94545e-08
-0.21000000E+01 1.95373e-08
-0.20500000E+01 1.96208e-08
-0.20000000E+01 1.9705e-08
-0.19500000E+01 1.97899e-08
-0.19000000E+01 1.98755e-08
-0.18500000E+01 1.99619e-08
-0.18000000E+01 2.0049e-08
-0.17500000E+01 2.01368e-08
-0.17000000E+01 2.02254e-08
-0.16500000E+01 2.03148e-08
-0.16000000E+01 2.0405e-08
-0.15500000E+01 2.0496e-08
-0.15000000E+01 2.05878e-08
-0.14500000E+01 2.06804e-08
-0.14000000E+01 2.07738e-08
-0.13500000E+01 2.08681e-08
-0.13000000E+01 2.09633e-08
-0.12500000E+01 2.10594e-08
-0.12000000E+01 2.11563e-08
-0.11500000E+01 2.12542e-08
-0.11000000E+01 2.1353e-08
-0.10500000E+01 2.14527e-08
-0.10000000E+01 2.15534e-08
-0.95000000E+00 2.16551e-08
-0.90000000E+00 2.17578e-08
-0.85000000E+00 2.18614e-08
-0.80000000E+00 2.19662e-08
-0.75000000E+00 2.20719e-08
-0.70000000E+00 2.21787e-08
-0.65000000E+00 2.22867e-08
-0.60000000E+00 2.23957e-08
-0.55000000E+00 2.25058e-08
-0.50000000E+00 2.26171e-08
-0.45000000E+00 2.27296e-08
-0.40000000E+00 2.28433e-08
-0.35000000E+00 2.29582e-08
-0.30000000E+00 2.30744e-08
-0.25000000E+00 2.31918e-08
-0.20000000E+00 2.33105e-08
-0.15000000E+00 2.34305e-08
-0.10000000E+00 2.35519e-08
-0.50000000E-01 2.36747e-08
0.00000000E+00 2.37989e-08
0.50000000E-01 2.39245e-08
0.10000000E+00 2.40516e-08
0.15000000E+00 2.41802e-08
0.20000000E+00 2.43104e-08
0.25000000E+00 2.44421e-08
0.30000000E+00 2.45754e-08
0.35000000E+00 2.47104e-08
0.40000000E+00 2.48471e-08
0.45000000E+00 2.49855e-08
0.50000000E+00 2.51257e-08
0.55000000E+00 2.52677e-08
0.60000000E+00 2.54116e-08
0.65000000E+00 2.55573e-08
0.70000000E+00 2.57051e-08
0.75000000E+00 2.58548e-08
0.80000000E+00 2.60066e-08
0.85000000E+00 2.61605e-08
0.90000000E+00 2.63166e-08
0.95000000E+00 2.6475e-08
0.10000000E+01 2.66356e-08
0.10500000E+01 2.67986e-08
0.11000000E+01 2.6964e-08
0.11500000E+01 2.71319e-08
0.12000000E+01 2.73024e-08
0.12500000E+01 2.74756e-08
0.13000000E+01 2.76515e-08
0.13500000E+01 2.78302e-08
0.14000000E+01 2.80118e-08
0.14500000E+01 2.81964e-08
0.15000000E+01 2.83842e-08
0.15500000E+01 2.85751e-08
0.16000000E+01 2.87693e-08
0.16500000E+01 2.8967e-08
0.17000000E+01 2.91682e-08
0.17500000E+01 2.9373e-08
0.18000000E+01 2.95817e-08
0.18500000E+01 2.97943e-08
0.19000000E+01 3.0011e-08
0.19500000E+01 3.02319e-08
0.20000000E+01 3.04572e-08
0.20500000E+01 3.0687e-08
0.21000000E+01 3.09217e-08
0.21500000E+01 3.11612e-08
0.22000000E+01 3.14059e-08
0.22500000E+01 3.1656e-08
0.23000000E+01 3.19117e-08
0.23500000E+01 3.21732e-08
0.24000000E+01 3.24408e-08
0.24500000E+01 3.27147e-08
0.25000000E+01 3.29954e-08
0.25500000E+01 3.3283e-08
0.26000000E+01 3.35779e-08
0.26500000E+01 3.38804e-08
0.27000000E+01 3.4191e-08
0.27500000E+01 3.45101e-08
0.28000000E+01 3.48381e-08
0.28500000E+01 3.51754e-08
0.29000000E+01 3.55226e-08
0.29500000E+01 3.58802e-08
0.30000000E+01 3.62487e-08
0.30500000E+01 3.6629e-08
0.31000000E+01 3.70215e-08
0.31500000E+01 3.74271e-08
0.32000000E+01 3.78465e-08
0.32500000E+01 3.82806e-08
0.33000000E+01 3.87305e-08
0.33500000E+01 3.91969e-08
0.34000000E+01 3.96812e-08
0.34500000E+01 4.01845e-08
0.35000000E+01 4.07082e-08
0.35500000E+01 4.12537e-08
0.36000000E+01 4.18226e-08
0.36500000E+01 4.24168e-08
0.37000000E+01 4.3038e-08
0.37500000E+01 4.36885e-08
0.38000000E+01 4.43707e-08
0.38500000E+01 4.50872e-08
0.39000000E+01 4.58408e-08
0.39500000E+01 4.66349e-08
0.40000000E+01 4.7473e-08
0.40500000E+01 4.83593e-08
0.41000000E+01 4.92982e-08
0.41500000E+01 5.02949e-08
0.42000000E+01 5.1355e-08
0.42500000E+01 5.24851e-08
0.43000000E+01 5.36926e-08
0.43500000E+01 5.49857e-08
0.44000000E+01 5.6374e-08
0.44500000E+01 5.78682e-08
0.45000000E+01 5.94809e-08
0.45500000E+01 6.12262e-08
0.46000000E+01 6.31205e-08
0.46500000E+01 6.51829e-08
0.47000000E+01 6.74354e-08
0.47500000E+01 6.99033e-08
0.48000000E+01 7.26165e-08
0.48500000E+01 7.56096e-08
0.49000000E+01 7.89233e-08
0.49500000E+01 8.26049e-08
0.50000000E+01 8.67103e-08
0.50500000E+01 9.13045e-08
0.51000000E+01 9.6464e-08
0.51500000E+01 1.02277e-07
0.52000000E+01 1.08847e-07
0.52500000E+01 1.1629e-07
0.53000000E+01 1.24737e-07
0.53500000E+01 1.3433e-07
0.54000000E+01 1.45214e-07
0.54500000E+01 1.57524e-07
0.55000000E+01 1.7136e-07
0.55500000E+01 1.86744e-07
0.56000000E+01 2.03563e-07
0.56500000E+01 2.21489e-07
0.57000000E+01 2.3989e-07
0.57500000E+01 2.57764e-07
0.58000000E+01 2.73751e-07
0.58500000E+01 2.86281e-07
0.59000000E+01 2.93885e-07
0.59500000E+01 2.95594e-07
0.60000000E+01 2.91251e-07
0.60500000E+01 2.81563e-07
0.61000000E+01 2.6787e-07
0.61500000E+01 2.5175e-07
0.62000000E+01 2.34667e-07
0.62500000E+01 2.17761e-07
0.63000000E+01 2.01792e-07
0.63500000E+01 1.87191e-07
0.64000000E+01 1.7414e-07
0.64500000E+01 1.62662e-07
0.65000000E+01 1.52682e-07
0.65500000E+01 1.44079e-07
0.66000000E+01 1.36714e-07
0.66500000E+01 1.30447e-07
0.67000000E+01 1.25151e-07
0.67500000E+01 1.2071e-07
0.68000000E+01 1.17024e-07
0.68500000E+01 1.14008e-07
0.69000000E+01 1.11591e-07
0.69500000E+01 1.09717e-07
0.70000000E+01 1.08338e-07
0.70500000E+01 1.07421e-07
0.71000000E+01 1.0694e-07
0.71500000E+01 1.06876e-07
0.72000000E+01 1.07222e-07
0.72500000E+01 1.07974e-07
0.73000000E+01 1.09135e-07
0.73500000E+01 1.10712e-07
0.74000000E+01 1.1271e-07
0.74500000E+01 1.15131e-07
0.75000000E+01 1.17966e-07
0.75500000E+01 1.2118e-07
0.76000000E+01 1.24707e-07
0.76500000E+01 1.2843e-07
0.77000000E+01 1.32177e-07
0.77500000E+01 1.35735e-07
0.78000000E+01 1.38874e-07
0.78500000E+01 1.41408e-07
0.79000000E+01 1.4325e-07
0.79500000E+01 1.44445e-07
0.80000000E+01 1.45157e-07
0.80500000E+01 1.45629e-07
0.81000000E+01 1.46113e-07
0.81500000E+01 1.46837e-07
0.82000000E+01 1.47976e-07
0.82500000E+01 1.49656e-07
0.83000000E+01 1.51965e-07
0.83500000E+01 1.54968e-07
0.84000000E+01 1.58715e-07
0.84500000E+01 1.63257e-07
0.85000000E+01 1.6865e-07
0.85500000E+01 1.74962e-07
0.86000000E+01 1.82274e-07
0.86500000E+01 1.90688e-07
0.87000000E+01 2.00324e-07
0.87500000E+01 2.11326e-07
0.88000000E+01 2.23859e-07
0.88500000E+01 2.3811e-07
0.89000000E+01 2.54283e-07
0.89500000E+01 2.72589e-07
0.90000000E+01 2.93233e-07
0.90500000E+01 3.16389e-07
0.91000000E+01 3.42173e-07
0.91500000E+01 3.70605e-07
0.92000000E+01 4.01573e-07
0.92500000E+01 4.34794e-07
0.93000000E+01 4.6978e-07
0.93500000E+01 5.05805e-07
0.94000000E+01 5.41885e-07
0.94500000E+01 5.76805e-07
0.95000000E+01 6.09221e-07
0.95500000E+01 6.37835e-07
0.96000000E+01 6.61602e-07
0.96500000E+01 6.79878e-07
0.97000000E+01 6.92446e-07
0.97500000E+01 6.99447e-07
0.98000000E+01 7.01246e-07
0.98500000E+01 6.98321e-07
0.99000000E+01 6.91196e-07
0.99500000E+01 6.80427e-07
0.10000000E+02 6.66592e-07
0.10050000E+02 6.5029e-07
0.10100000E+02 6.3213e-07
0.10150000E+02 6.12706e-07
0.10200000E+02 5.92582e-07
0.10250000E+02 5.72277e-07
0.10300000E+02 5.5225e-07
0.10350000E+02 5.3289e-07
0.10400000E+02 5.14513e-07
0.10450000E+02 4.9736e-07
0.10500000E+02 4.81594e-07
0.10550000E+02 4.67303e-07
0.10600000E+02 4.54502e-07
0.10650000E+02 4.43134e-07
0.10700000E+02 4.33085e-07
0.10750000E+02 4.2421e-07
0.10800000E+02 4.16373e-07
0.10850000E+02 4.09499e-07
0.10900000E+02 4.03606e-07
0.10950000E+02 3.98831e-07
0.11000000E+02 3.95414e-07
0.11050000E+02 3.93667e-07
0.11100000E+02 3.93926e-07
0.11150000E+02 3.96514e-07
0.11200000E+02 4.01704e-07
0.11250000E+02 4.09693e-07
0.11300000E+02 4.20585e-07
0.11350000E+02 4.34359e-07
0.11400000E+02 4.50835e-07
0.11450000E+02 4.69641e-07
0.11500000E+02 4.90187e-07
0.11550000E+02 5.11674e-07
0.11600000E+02 5.33163e-07
0.11650000E+02 5.53688e-07
0.11700000E+02 5.72416e-07
0.11750000E+02 5.88772e-07
0.11800000E+02 6.02484e-07
0.11850000E+02 6.13548e-07
0.11900000E+02 6.22106e-07
0.11950000E+02 6.28344e-07
0.12000000E+02 6.32412e-07
0.12050000E+02 6.34426e-07
0.12100000E+02 6.34496e-07
0.12150000E+02 6.3277e-07
0.12200000E+02 6.29456e-07
0.12250000E+02 6.24801e-07
0.12300000E+02 6.19064e-07
0.12350000E+02 6.12469e-07
0.12400000E+02 6.05186e-07
0.12450000E+02 5.97326e-07
0.12500000E+02 5.88961e-07
0.12550000E+02 5.80143e-07
0.12600000E+02 5.70923e-07
0.12650000E+02 5.61356e-07
0.12700000E+02 5.51505e-07
0.12750000E+02 5.41427e-07
0.12800000E+02 5.31175e-07
0.12850000E+02 5.20787e-07
0.12900000E+02 5.10291e-07
0.12950000E+02 4.99708e-07
0.13000000E+02 4.89057e-07
0.13050000E+02 4.78364e-07
0.13100000E+02 4.67653e-07
0.13150000E+02 4.56947e-07
0.13200000E+02 4.46252e-07
0.13250000E+02 4.35553e-07
0.13300000E+02 4.24812e-07
0.13350000E+02 4.13974e-07
0.13400000E+02 4.02992e-07
0.13450000E+02 3.91849e-07
0.13500000E+02 3.80586e-07
0.13550000E+02 3.69313e-07
0.13600000E+02 3.58202e-07
0.13650000E+02 3.47468e-07
0.13700000E+02 3.37338e-07
0.13750000E+02 3.28025e-07
0.13800000E+02 3.19702e-07
0.13850000E+02 3.12495e-07
0.13900000E+02 3.06483e-07
0.13950000E+02 3.01704e-07
0.14000000E+02 2.98162e-07
0.14050000E+02 2.95838e-07
0.14100000E+02 2.94697e-07
0.14150000E+02 2.94695e-07
0.14200000E+02 2.9578e-07
0.14250000E+02 2.979e-07
0.14300000E+02 3.01004e-07
0.14350000E+02 3.05042e-07
0.14400000E+02 3.09972e-07
0.14450000E+02 3.15755e-07
0.14500000E+02 3.22363e-07
0.14550000E+02 3.29767e-07
0.14600000E+02 3.37936e-07
0.14650000E+02 3.46833e-07
0.14700000E+02 3.56396e-07
0.14750000E+02 3.66544e-07
0.14800000E+02 3.77165e-07
0.14850000E+02 3.88122e-07
0.14900000E+02 3.99269e-07
0.14950000E+02 4.10468e-07
0.15000000E+02 4.21615e-07
0.15050000E+02 4.32663e-07
0.15100000E+02 4.43638e-07
0.15150000E+02 4.54639e-07
0.15200000E+02 4.65828e-07
0.15250000E+02 4.77403e-07
0.15300000E+02 4.89574e-07
0.15350000E+02 5.02527e-07
0.15400000E+02 5.16408e-07
0.15450000E+02 5.31296e-07
0.15500000E+02 5.47201e-07
0.15550000E+02 5.64056e-07
0.15600000E+02 5.81732e-07
0.15650000E+02 6.00049e-07
0.15700000E+02 6.18809e-07
0.15750000E+02 6.37821e-07
0.15800000E+02 6.56925e-07
0.15850000E+02 6.76012e-07
0.15900000E+02 6.95022e-07
0.15950000E+02 7.13934e-07
0.16000000E+02 7.32746e-07
0.16050000E+02 7.51451e-07
0.16100000E+02 7.70013e-07
0.16150000E+02 7.88364e-07
0.16200000E+02 8.06399e-07
0.16250000E+02 8.24001e-07
0.16300000E+02 8.41069e-07
0.16350000E+02 8.57546e-07
0.16400000E+02 8.7345e-07
0.16450000E+02 8.8888e-07
0.16500000E+02 9.04016e-07
0.16550000E+02 9.19092e-07
0.16600000E+02 9.34368e-07
0.16650000E+02 9.50085e-07
0.16700000E+02 9.66434e-07
0.16750000E+02 9.83519e-07
0.16800000E+02 1.00133e-06
0.16850000E+02 1.01975e-06
0.16900000E+02 1.03852e-06
0.16950000E+02 1.05733e-06
0.17000000E+02 1.07583e-06
0.17050000E+02 1.09372e-06
0.17100000E+02 1.11079e-06
0.17150000E+02 1.12699e-06
0.17200000E+02 1.14244e-06
0.17250000E+02 1.15737e-06
0.17300000E+02 1.17211e-06
0.17350000E+02 1.18697e-06
0.17400000E+02 1.20225e-06
0.17450000E+02 1.21811e-06
0.17500000E+02 1.23459e-06
0.17550000E+02 1.25157e-06
0.17600000E+02 1.2688e-06
0.17650000E+02 1.28591e-06
0.17700000E+02 1.30245e-06
0.17750000E+02 1.31798e-06
0.17800000E+02 1.33208e-06
0.17850000E+02 1.34444e-06
0.17900000E+02 1.35488e-06
0.17950000E+02 1.36338e-06
0.18000000E+02 1.37003e-06
0.18050000E+02 1.37505e-06
0.18100000E+02 1.37867e-06
0.18150000E+02 1.38115e-06
0.18200000E+02 1.38265e-06
0.18250000E+02 1.38327e-06
0.18300000E+02 1.38301e-06
0.18350000E+02 1.3818e-06
0.18400000E+02 1.37954e-06
0.18450000E+02 1.37614e-06
0.18500000E+02 1.37156e-06
0.18550000E+02 1.36586e-06
0.18600000E+02 1.35924e-06
0.18650000E+02 1.35196e-06
0.18700000E+02 1.34442e-06
0.18750000E+02 1.33703e-06
0.18800000E+02 1.33021e-06
0.18850000E+02 1.32432e-06
0.18900000E+02 1.31964e-06
0.18950000E+02 1.31635e-06
0.19000000E+02 1.3145e-06
0.19050000E+02 1.31402e-06
0.19100000E+02 1.3148e-06
0.19150000E+02 1.31666e-06
0.19200000E+02 1.31945e-06
0.19250000E+02 1.32308e-06
0.19300000E+02 1.32756e-06
0.19350000E+02 1.33303e-06
0.19400000E+02 1.33977e-06
0.19450000E+02 1.3482e-06
0.19500000E+02 1.35883e-06
0.19550000E+02 1.37225e-06
0.19600000E+02 1.38908e-06
0.19650000E+02 1.40996e-06
0.19700000E+02 1.43552e-06
0.19750000E+02 1.46637e-06
0.19800000E+02 1.50304e-06
0.19850000E+02 1.54603e-06
0.19900000E+02 1.59573e-06
0.19950000E+02 1.65243e-06
0.20000000E+02 1.71621e-06
0.20050000E+02 1.78693e-06
0.20100000E+02 1.86414e-06
0.20150000E+02 1.94702e-06
0.20200000E+02 2.03435e-06
0.20250000E+02 2.12452e-06
0.20300000E+02 2.21571e-06
0.20350000E+02 2.30609e-06
0.20400000E+02 2.39413e-06
0.20450000E+02 2.47885e-06
0.20500000E+02 2.56e-06
0.20550000E+02 2.63801e-06
0.20600000E+02 2.7138e-06
0.20650000E+02 2.78846e-06
0.20700000E+02 2.86295e-06
0.20750000E+02 2.93786e-06
0.20800000E+02 3.01325e-06
0.20850000E+02 3.08869e-06
0.20900000E+02 3.1633e-06
0.20950000E+02 3.23592e-06
0.21000000E+02 3.3053e-06
0.21050000E+02 3.37032e-06
0.21100000E+02 3.43014e-06
0.21150000E+02 3.48437e-06
0.21200000E+02 3.53307e-06
0.21250000E+02 3.57679e-06
0.21300000E+02 3.61643e-06
0.21350000E+02 3.65317e-06
0.21400000E+02 3.68828e-06
0.21450000E+02 3.72301e-06
0.21500000E+02 3.75848e-06
0.21550000E+02 3.79559e-06
0.21600000E+02 3.83504e-06
0.21650000E+02 3.87727e-06
0.21700000E+02 3.92252e-06
0.21750000E+02 3.97093e-06
0.21800000E+02 4.02253e-06
0.21850000E+02 4.07737e-06
0.21900000E+02 4.13555e-06
0.21950000E+02 4.19722e-06
0.22000000E+02 4.26261e-06
0.22050000E+02 4.33196e-06
0.22100000E+02 4.40553e-06
0.22150000E+02 4.48348e-06
0.22200000E+02 4.56587e-06
0.22250000E+02 4.65262e-06
0.22300000E+02 4.74347e-06
0.22350000E+02 4.83802e-06
0.22400000E+02 4.93577e-06
0.22450000E+02 5.03613e-06
0.22500000E+02 5.1385e-06
0.22550000E+02 5.24228e-06
0.22600000E+02 5.34697e-06
0.22650000E+02 5.45211e-06
0.22700000E+02 5.55728e-06
0.22750000E+02 5.66209e-06
0.22800000E+02 5.76606e-06
0.22850000E+02 5.86849e-06
0.22900000E+02 5.96841e-06
0.22950000E+02 6.06445e-06
0.23000000E+02 6.1548e-06
0.23050000E+02 6.23728e-06
0.23100000E+02 6.30952e-06
0.23150000E+02 6.36927e-06
0.23200000E+02 6.41478e-06
0.23250000E+02 6.44516e-06
0.23300000E+02 6.46059e-06
0.23350000E+02 6.46242e-06
0.23400000E+02 6.4529e-06
0.23450000E+02 6.43484e-06
0.23500000E+02 6.41116e-06
0.23550000E+02 6.38444e-06
0.23600000E+02 6.35661e-06
0.23650000E+02 6.32878e-06
0.23700000E+02 6.30111e-06
0.23750000E+02 6.27296e-06
0.23800000E+02 6.24302e-06
0.23850000E+02 6.20951e-06
0.23900000E+02 6.17048e-06
0.23950000E+02 6.12405e-06
0.24000000E+02 6.06864e-06
0.24050000E+02 6.00314e-06
0.24100000E+02 5.92703e-06
0.24150000E+02 5.84041e-06
0.24200000E+02 5.74394e-06
0.24250000E+02 5.63879e-06
0.24300000E+02 5.52649e-06
0.24350000E+02 5.40877e-06
0.24400000E+02 5.28749e-06
0.24450000E+02 5.16448e-06
0.24500000E+02 5.04143e-06
0.24550000E+02 4.91988e-06
0.24600000E+02 4.80114e-06
0.24650000E+02 4.68626e-06
0.24700000E+02 4.5761e-06
0.24750000E+02 4.47129e-06
0.24800000E+02 4.37227e-06
0.24850000E+02 4.27936e-06
0.24900000E+02 4.19277e-06
0.24950000E+02 4.11265e-06
0.25000000E+02 4.03913e-06
0.25050000E+02 3.97235e-06
0.25100000E+02 3.91249e-06
0.25150000E+02 3.85976e-06
0.25200000E+02 3.81442e-06
0.25250000E+02 3.77677e-06
0.25300000E+02 3.7471e-06
0.25350000E+02 3.72568e-06
0.25400000E+02 3.71267e-06
0.25450000E+02 3.70811e-06
0.25500000E+02 3.71181e-06
0.25550000E+02 3.72331e-06
0.25600000E+02 3.74183e-06
0.25650000E+02 3.76621e-06
0.25700000E+02 3.7949e-06
0.25750000E+02 3.82598e-06
0.25800000E+02 3.85723e-06
0.25850000E+02 3.88621e-06
0.25900000E+02 3.91048e-06
0.25950000E+02 3.92774e-06
0.26000000E+02 3.93607e-06
0.26050000E+02 3.93411e-06
0.26100000E+02 3.92118e-06
0.26150000E+02 3.89737e-06
0.26200000E+02 3.86344e-06
0.26250000E+02 3.82078e-06
0.26300000E+02 3.77118e-06
0.26350000E+02 3.71671e-06
0.26400000E+02 3.65949e-06
0.26450000E+02 3.60161e-06
0.26500000E+02 3.54497e-06
0.26550000E+02 3.49127e-06
0.26600000E+02 3.44196e-06
0.26650000E+02 3.39822e-06
0.26700000E+02 3.36099e-06
0.26750000E+02 3.33096e-06
0.26800000E+02 3.30857e-06
0.26850000E+02 3.29407e-06
0.26900000E+02 3.28746e-06
0.26950000E+02 3.28856e-06
0.27000000E+02 3.29696e-06
0.27050000E+02 3.31208e-06
0.27100000E+02 3.3331e-06
0.27150000E+02 3.35905e-06
0.27200000E+02 3.38877e-06
0.27250000E+02 3.42098e-06
0.27300000E+02 3.4543e-06
0.27350000E+02 3.48734e-06
0.27400000E+02 3.51874e-06
0.27450000E+02 3.54727e-06
0.27500000E+02 3.57188e-06
0.27550000E+02 3.59183e-06
0.27600000E+02 3.60665e-06
0.27650000E+02 3.61627e-06
0.27700000E+02 3.62095e-06
0.27750000E+02 3.62125e-06
0.27800000E+02 3.61801e-06
0.27850000E+02 3.61226e-06
0.27900000E+02 3.60507e-06
0.27950000E+02 3.59755e-06
0.28000000E+02 3.59068e-06
0.28050000E+02 3.58531e-06
0.28100000E+02 3.58207e-06
0.28150000E+02 3.58137e-06
0.28200000E+02 3.58337e-06
0.28250000E+02 3.58802e-06
0.28300000E+02 3.5951e-06
0.28350000E+02 3.6042e-06
0.28400000E+02 3.61482e-06
0.28450000E+02 3.62641e-06
0.28500000E+02 3.63839e-06
0.28550000E+02 3.65026e-06
0.28600000E+02 3.66157e-06
0.28650000E+02 3.67198e-06
0.28700000E+02 3.68126e-06
0.28750000E+02 3.68928e-06
0.28800000E+02 3.69596e-06
0.28850000E+02 3.70123e-06
0.28900000E+02 3.70501e-06
0.28950000E+02 3.70711e-06
0.29000000E+02 3.70726e-06
0.29050000E+02 3.70501e-06
0.29100000E+02 3.69981e-06
0.29150000E+02 3.69103e-06
0.29200000E+02 3.678e-06
0.29250000E+02 3.66011e-06
0.29300000E+02 3.63691e-06
0.29350000E+02 3.60819e-06
0.29400000E+02 3.57407e-06
0.29450000E+02 3.53499e-06
0.29500000E+02 3.49176e-06
0.29550000E+02 3.44544e-06
0.29600000E+02 3.39729e-06
0.29650000E+02 3.34866e-06
0.29700000E+02 3.30086e-06
0.29750000E+02 3.2551e-06
0.29800000E+02 3.2124e-06
0.29850000E+02 3.17354e-06
0.29900000E+02 3.13904e-06
0.29950000E+02 3.10915e-06
0.30000000E+02 3.0839e-06
0.30050000E+02 3.06305e-06
0.30100000E+02 3.04621e-06
0.30150000E+02 3.03282e-06
0.30200000E+02 3.02222e-06
0.30250000E+02 3.01374e-06
0.30300000E+02 3.0067e-06
0.30350000E+02 3.00053e-06
0.30400000E+02 2.99482e-06
0.30450000E+02 2.98932e-06
0.30500000E+02 2.98401e-06
0.30550000E+02 2.9791e-06
0.30600000E+02 2.97498e-06
0.30650000E+02 2.97225e-06
0.30700000E+02 2.97161e-06
0.30750000E+02 2.97388e-06
0.30800000E+02 2.97991e-06
0.30850000E+02 2.99056e-06
0.30900000E+02 3.00665e-06
0.30950000E+02 3.02895e-06
0.31000000E+02 3.05813e-06
0.31050000E+02 3.09474e-06
0.31100000E+02 3.1392e-06
0.31150000E+02 3.19176e-06
0.31200000E+02 3.25248e-06
0.31250000E+02 3.32117e-06
0.31300000E+02 3.39737e-06
0.31350000E+02 3.48027e-06
0.31400000E+02 3.56872e-06
0.31450000E+02 3.66115e-06
0.31500000E+02 3.75557e-06
0.31550000E+02 3.84962e-06
0.31600000E+02 3.94064e-06
0.31650000E+02 4.02579e-06
0.31700000E+02 4.10227e-06
0.31750000E+02 4.16754e-06
0.31800000E+02 4.21958e-06
0.31850000E+02 4.25708e-06
0.31900000E+02 4.27957e-06
0.31950000E+02 4.28744e-06
0.32000000E+02 4.28184e-06
0.32050000E+02 4.26451e-06
0.32100000E+02 4.23754e-06
0.32150000E+02 4.20315e-06
0.32200000E+02 4.1635e-06
0.32250000E+02 4.12055e-06
0.32300000E+02 4.0759e-06
0.32350000E+02 4.03083e-06
0.32400000E+02 3.98622e-06
0.32450000E+02 3.94262e-06
0.32500000E+02 3.90028e-06
0.32550000E+02 3.85922e-06
0.32600000E+02 3.8193e-06
0.32650000E+02 3.78025e-06
0.32700000E+02 3.74184e-06
0.32750000E+02 3.70383e-06
0.32800000E+02 3.66608e-06
0.32850000E+02 3.62857e-06
0.32900000E+02 3.59143e-06
0.32950000E+02 3.55488e-06
0.33000000E+02 3.51928e-06
0.33050000E+02 3.48506e-06
0.33100000E+02 3.45266e-06
0.33150000E+02 3.42252e-06
0.33200000E+02 3.39502e-06
0.33250000E+02 3.37045e-06
0.33300000E+02 3.34895e-06
0.33350000E+02 3.33051e-06
0.33400000E+02 3.31495e-06
0.33450000E+02 3.30193e-06
0.33500000E+02 3.29092e-06
0.33550000E+02 3.28128e-06
0.33600000E+02 3.27224e-06
0.33650000E+02 3.26301e-06
0.33700000E+02 3.25281e-06
0.33750000E+02 3.24093e-06
0.33800000E+02 3.22682e-06
0.33850000E+02 3.21014e-06
0.33900000E+02 3.19079e-06
0.33950000E+02 3.16891e-06
0.34000000E+02 3.14491e-06
0.34050000E+02 3.11938e-06
0.34100000E+02 3.09309e-06
0.34150000E+02 3.06688e-06
0.34200000E+02 3.04165e-06
0.34250000E+02 3.01824e-06
0.34300000E+02 2.99744e-06
0.34350000E+02 2.97988e-06
0.34400000E+02 2.96605e-06
0.34450000E+02 2.95626e-06
0.34500000E+02 2.95062e-06
0.34550000E+02 2.94904e-06
0.34600000E+02 2.9512e-06
0.34650000E+02 2.95663e-06
0.34700000E+02 2.96463e-06
0.34750000E+02 2.97438e-06
0.34800000E+02 2.98497e-06
0.34850000E+02 2.99541e-06
0.34900000E+02 3.00478e-06
0.34950000E+02 3.01226e-06
0.35000000E+02 3.01723e-06
0.35050000E+02 3.01936e-06
0.35100000E+02 3.0186e-06
0.35150000E+02 3.01528e-06
0.35200000E+02 3.01001e-06
0.35250000E+02 3.00366e-06
0.35300000E+02 2.9973e-06
0.35350000E+02 2.99208e-06
0.35400000E+02 2.98917e-06
0.35450000E+02 2.98969e-06
0.35500000E+02 2.99461e-06
0.35550000E+02 3.00476e-06
0.35600000E+02 3.02078e-06
0.35650000E+02 3.04307e-06
0.35700000E+02 3.07181e-06
0.35750000E+02 3.10695e-06
0.35800000E+02 3.14817e-06
0.35850000E+02 3.1949e-06
0.35900000E+02 3.24631e-06
0.35950000E+02 3.30131e-06
0.36000000E+02 3.35861e-06
0.36050000E+02 3.41675e-06
0.36100000E+02 3.47415e-06
0.36150000E+02 3.52926e-06
0.36200000E+02 3.58063e-06
0.36250000E+02 3.62704e-06
0.36300000E+02 3.66755e-06
0.36350000E+02 3.7016e-06
0.36400000E+02 3.72901e-06
0.36450000E+02 3.74993e-06
0.36500000E+02 3.76478e-06
0.36550000E+02 3.77421e-06
0.36600000E+02 3.77896e-06
0.36650000E+02 3.77985e-06
0.36700000E+02 3.77767e-06
0.36750000E+02 3.77318e-06
0.36800000E+02 3.76709e-06
0.36850000E+02 3.76001e-06
0.36900000E+02 3.75247e-06
0.36950000E+02 3.74489e-06
0.37000000E+02 3.7376e-06
0.37050000E+02 3.73076e-06
0.37100000E+02 3.7244e-06
0.37150000E+02 3.71839e-06
0.37200000E+02 3.71245e-06
0.37250000E+02 3.70615e-06
0.37300000E+02 3.69895e-06
0.37350000E+02 3.69029e-06
0.37400000E+02 3.67961e-06
0.37450000E+02 3.66647e-06
0.37500000E+02 3.65062e-06
0.37550000E+02 3.63204e-06
0.37600000E+02 3.61094e-06
0.37650000E+02 3.58781e-06
0.37700000E+02 3.56333e-06
0.37750000E+02 3.53833e-06
0.37800000E+02 3.5137e-06
0.37850000E+02 3.49039e-06
0.37900000E+02 3.46933e-06
0.37950000E+02 3.45138e-06
0.38000000E+02 3.43736e-06
0.38050000E+02 3.42801e-06
0.38100000E+02 3.42396e-06
0.38150000E+02 3.42576e-06
0.38200000E+02 3.43383e-06
0.38250000E+02 3.44844e-06
0.38300000E+02 3.46968e-06
0.38350000E+02 3.49746e-06
0.38400000E+02 3.53145e-06
0.38450000E+02 3.57103e-06
0.38500000E+02 3.61533e-06
0.38550000E+02 3.66319e-06
0.38600000E+02 3.71322e-06
0.38650000E+02 3.76384e-06
0.38700000E+02 3.8134e-06
0.38750000E+02 3.8603e-06
0.38800000E+02 3.90314e-06
0.38850000E+02 3.94087e-06
0.38900000E+02 3.97286e-06
0.38950000E+02 3.99897e-06
0.39000000E+02 4.01955e-06
0.39050000E+02 4.03535e-06
0.39100000E+02 4.0474e-06
0.39150000E+02 4.0569e-06
0.39200000E+02 4.06508e-06
0.39250000E+02 4.07306e-06
0.39300000E+02 4.08176e-06
0.39350000E+02 4.09184e-06
0.39400000E+02 4.10366e-06
0.39450000E+02 4.11721e-06
0.39500000E+02 4.13217e-06
0.39550000E+02 4.1479e-06
0.39600000E+02 4.16347e-06
0.39650000E+02 4.17775e-06
0.39700000E+02 4.18951e-06
0.39750000E+02 4.19749e-06
0.39800000E+02 4.20053e-06
0.39850000E+02 4.19765e-06
0.39900000E+02 4.18822e-06
0.39950000E+02 4.11225e-06
0.40000000E+02 4.03858e-06
0.40050000E+02 4.01446e-06
0.40100000E+02 3.94267e-06
0.40150000E+02 3.91402e-06
0.40200000E+02 3.84708e-06
0.40250000E+02 3.81676e-06
0.40300000E+02 3.75547e-06
0.40350000E+02 3.72505e-06
0.40400000E+02 3.66903e-06
0.40450000E+02 3.61452e-06
0.40500000E+02 3.56474e-06
0.40550000E+02 3.53691e-06
0.40600000E+02 3.49051e-06
0.40650000E+02 3.46313e-06
0.40700000E+02 3.43547e-06
0.40750000E+02 3.39286e-06
0.40800000E+02 3.36577e-06
0.40850000E+02 3.32599e-06
0.40900000E+02 3.29959e-06
0.40950000E+02 3.26258e-06
0.41000000E+02 3.22585e-06
0.41050000E+02 3.19236e-06
0.41100000E+02 3.16867e-06
0.41150000E+02 3.13757e-06
0.41200000E+02 3.11487e-06
0.41250000E+02 3.09238e-06
0.41300000E+02 3.06428e-06
0.41350000E+02 3.04285e-06
0.41400000E+02 3.01664e-06
0.41450000E+02 2.99621e-06
0.41500000E+02 2.97165e-06
0.41550000E+02 2.94691e-06
0.41600000E+02 2.92805e-06
0.41650000E+02 2.90562e-06
0.41700000E+02 2.8875e-06
0.41750000E+02 2.86621e-06
0.41800000E+02 2.84876e-06
0.41850000E+02 2.82848e-06
0.41900000E+02 2.81163e-06
0.41950000E+02 2.79226e-06
0.42000000E+02 2.77598e-06
0.42050000E+02 2.75987e-06
0.42100000E+02 2.7386e-06
0.42150000E+02 2.72322e-06
0.42200000E+02 2.70587e-06
0.42250000E+02 2.69095e-06
0.42300000E+02 2.67427e-06
0.42350000E+02 2.65979e-06
0.42400000E+02 2.64546e-06
0.42450000E+02 2.62965e-06
0.42500000E+02 2.61572e-06
0.42550000E+02 2.60044e-06
0.42600000E+02 2.58687e-06
0.42650000E+02 2.57341e-06
0.42700000E+02 2.55699e-06
0.42750000E+02 2.54396e-06
0.42800000E+02 2.52984e-06
0.42850000E+02 2.51709e-06
0.42900000E+02 2.50335e-06
0.42950000E+02 2.49086e-06
0.43000000E+02 2.47845e-06
0.43050000E+02 2.46523e-06
0.43100000E+02 2.45305e-06
0.43150000E+02 2.44017e-06
0.43200000E+02 2.42821e-06
0.43250000E+02 2.41632e-06
0.43300000E+02 2.40301e-06
0.43350000E+02 2.39144e-06
0.43400000E+02 2.37943e-06
0.43450000E+02 2.36807e-06
0.43500000E+02 2.35678e-06
0.43550000E+02 2.34524e-06
0.43600000E+02 2.33416e-06
0.43650000E+02 2.32294e-06
0.43700000E+02 2.31207e-06
0.43750000E+02 2.30116e-06
0.43800000E+02 2.29051e-06
0.43850000E+02 2.27994e-06
0.43900000E+02 2.26946e-06
0.43950000E+02 2.25919e-06
0.44000000E+02 2.24906e-06
0.44050000E+02 2.239e-06
0.44100000E+02 2.22901e-06
0.44150000E+02 2.21928e-06
0.44200000E+02 2.2095e-06
0.44250000E+02 2.1998e-06
0.44300000E+02 2.19046e-06
0.44350000E+02 2.18095e-06
0.44400000E+02 2.17185e-06
0.44450000E+02 2.16254e-06
0.44500000E+02 2.1533e-06
0.44550000E+02 2.14516e-06
0.44600000E+02 2.13616e-06
0.44650000E+02 2.12763e-06
0.44700000E+02 2.1188e-06
0.44750000E+02 2.11004e-06
0.44800000E+02 2.10181e-06
0.44850000E+02 2.09321e-06
0.44900000E+02 2.08517e-06
0.44950000E+02 2.07672e-06
0.45000000E+02 2.06833e-06
0.45050000E+02 2.06055e-06
0.45100000E+02 2.05231e-06
0.45150000E+02 2.04413e-06
0.45200000E+02 2.03761e-06
0.45250000E+02 2.02961e-06
0.45300000E+02 2.02224e-06
0.45350000E+02 2.01437e-06
0.45400000E+02 2.00654e-06
0.45450000E+02 1.9994e-06
0.45500000E+02 1.9917e-06
0.45550000E+02 1.98471e-06
0.45600000E+02 1.97712e-06
0.45650000E+02 1.96959e-06
0.45700000E+02 1.96281e-06
0.45750000E+02 1.95539e-06
0.45800000E+02 1.94801e-06
0.45850000E+02 1.94144e-06
0.45900000E+02 1.93561e-06
0.45950000E+02 1.92919e-06
0.46000000E+02 1.92209e-06
0.46050000E+02 1.91502e-06
0.46100000E+02 1.90881e-06
0.46150000E+02 1.90186e-06
0.46200000E+02 1.89496e-06
0.46250000E+02 1.88896e-06
0.46300000E+02 1.88216e-06
0.46350000E+02 1.87542e-06
0.46400000E+02 1.86962e-06
0.46450000E+02 1.863e-06
0.46500000E+02 1.85734e-06
0.46550000E+02 1.85083e-06
0.46600000E+02 1.84627e-06
0.46650000E+02 1.84084e-06
0.46700000E+02 1.83455e-06
0.46750000E+02 1.8283e-06
0.46800000E+02 1.8231e-06
0.46850000E+02 1.81698e-06
0.46900000E+02 1.81091e-06
0.46950000E+02 1.80592e-06
0.47000000E+02 1.79998e-06
0.47050000E+02 1.79514e-06
0.47100000E+02 1.78933e-06
0.47150000E+02 1.78358e-06
0.47200000E+02 1.77896e-06
0.47250000E+02 1.77334e-06
0.47300000E+02 1.76779e-06
0.47350000E+02 1.7657e-06
0.47400000E+02 1.76032e-06
0.47450000E+02 1.75499e-06
0.47500000E+02 1.75083e-06
0.47550000E+02 1.74564e-06
0.47600000E+02 1.74051e-06
0.47650000E+02 1.73657e-06
0.47700000E+02 1.73158e-06
0.47750000E+02 1.72778e-06
0.47800000E+02 1.72294e-06
0.47850000E+02 1.71816e-06
0.47900000E+02 1.71457e-06
0.47950000E+02 1.70993e-06
0.48000000E+02 1.70536e-06
0.48050000E+02 1.70198e-06
0.48100000E+02 1.70006e-06
0.48150000E+02 1.69572e-06
0.48200000E+02 1.69253e-06
0.48250000E+02 1.68832e-06
0.48300000E+02 1.68418e-06
0.48350000E+02 1.68118e-06
0.48400000E+02 1.67718e-06
0.48450000E+02 1.67324e-06
0.48500000E+02 1.67043e-06
0.48550000E+02 1.66663e-06
0.48600000E+02 1.66289e-06
0.48650000E+02 1.66026e-06
0.48700000E+02 1.65665e-06
0.48750000E+02 1.65414e-06
0.48800000E+02 1.65066e-06
0.48850000E+02 1.64724e-06
0.48900000E+02 1.64725e-06
0.48950000E+02 1.64395e-06
0.49000000E+02 1.64071e-06
0.49050000E+02 1.63848e-06
0.49100000E+02 1.63535e-06
0.49150000E+02 1.63229e-06
0.49200000E+02 1.63019e-06
0.49250000E+02 1.62724e-06
0.49300000E+02 1.62434e-06
0.49350000E+02 1.62238e-06
0.49400000E+02 1.61959e-06
0.49450000E+02 1.61685e-06
0.49500000E+02 1.615e-06
0.49550000E+02 1.61236e-06
0.49600000E+02 1.60977e-06
0.49650000E+02 1.60803e-06
0.49700000E+02 1.60553e-06
0.49750000E+02 1.60502e-06
0.49800000E+02 1.60333e-06
0.49850000E+02 1.60094e-06
0.49900000E+02 1.5986e-06
0.49950000E+02 1.59699e-06
0.50000000E+02 1.59473e-06
0.50050000E+02 1.5925e-06
0.50100000E+02 1.59096e-06
0.50150000E+02 1.58881e-06
0.50200000E+02 1.58669e-06
0.50250000E+02 1.58522e-06
0.50300000E+02 1.58316e-06
0.50350000E+02 1.58115e-06
0.50400000E+02 1.57972e-06
0.50450000E+02 1.57776e-06
0.50500000E+02 1.57583e-06
0.50550000E+02 1.57445e-06
0.50600000E+02 1.57392e-06
0.50650000E+02 1.57204e-06
0.50700000E+02 1.57065e-06
0.50750000E+02 1.56881e-06
0.50800000E+02 1.567e-06
0.50850000E+02 1.56564e-06
0.50900000E+02 1.56387e-06
0.50950000E+02 1.56212e-06
0.51000000E+02 1.56077e-06
0.51050000E+02 1.55906e-06
0.51100000E+02 1.55736e-06
0.51150000E+02 1.55568e-06
0.51200000E+02 1.55436e-06
0.51250000E+02 1.55271e-06
0.51300000E+02 1.55107e-06
0.51350000E+02 1.54976e-06
0.51400000E+02 1.54814e-06
0.51450000E+02 1.54735e-06
0.51500000E+02 1.546e-06
0.51550000E+02 1.54439e-06
0.51600000E+02 1.54279e-06
0.51650000E+02 1.54144e-06
0.51700000E+02 1.53986e-06
0.51750000E+02 1.53828e-06
0.51800000E+02 1.53693e-06
0.51850000E+02 1.53536e-06
0.51900000E+02 1.5338e-06
0.51950000E+02 1.53244e-06
0.52000000E+02 1.53089e-06
0.52050000E+02 1.52935e-06
0.52100000E+02 1.52797e-06
0.52150000E+02 1.52643e-06
0.52200000E+02 1.5249e-06
0.52250000E+02 1.52351e-06
0.52300000E+02 1.52198e-06
0.52350000E+02 1.52084e-06
0.52400000E+02 1.5193e-06
0.52450000E+02 1.51788e-06
0.52500000E+02 1.51634e-06
0.52550000E+02 1.51481e-06
0.52600000E+02 1.51338e-06
0.52650000E+02 1.51184e-06
0.52700000E+02 1.5103e-06
0.52750000E+02 1.50886e-06
0.52800000E+02 1.50733e-06
0.52850000E+02 1.5058e-06
0.52900000E+02 1.50435e-06
0.52950000E+02 1.50282e-06
0.53000000E+02 1.50129e-06
0.53050000E+02 1.49976e-06
0.53100000E+02 1.49831e-06
0.53150000E+02 1.49678e-06
0.53200000E+02 1.49526e-06
0.53250000E+02 1.4938e-06
0.53300000E+02 1.49249e-06
0.53350000E+02 1.49096e-06
0.53400000E+02 1.48951e-06
0.53450000E+02 1.48799e-06
0.53500000E+02 1.48648e-06
0.53550000E+02 1.48502e-06
0.53600000E+02 1.48352e-06
0.53650000E+02 1.48202e-06
0.53700000E+02 1.48052e-06
0.53750000E+02 1.47909e-06
0.53800000E+02 1.4776e-06
0.53850000E+02 1.47612e-06
0.53900000E+02 1.47471e-06
0.53950000E+02 1.47324e-06
0.54000000E+02 1.47178e-06
0.54050000E+02 1.47039e-06
0.54100000E+02 1.46895e-06
0.54150000E+02 1.46751e-06
0.54200000E+02 1.46609e-06
0.54250000E+02 1.46473e-06
0.54300000E+02 1.46352e-06
0.54350000E+02 1.46213e-06
0.54400000E+02 1.46081e-06
0.54450000E+02 1.45944e-06
0.54500000E+02 1.45809e-06
0.54550000E+02 1.4568e-06
0.54600000E+02 1.45547e-06
0.54650000E+02 1.45415e-06
0.54700000E+02 1.45285e-06
0.54750000E+02 1.45162e-06
0.54800000E+02 1.45035e-06
0.54850000E+02 1.4491e-06
0.54900000E+02 1.44791e-06
0.54950000E+02 1.44669e-06
0.55000000E+02 1.44549e-06
0.55050000E+02 1.44435e-06
0.55100000E+02 1.44319e-06
0.55150000E+02 1.44204e-06
0.55200000E+02 1.44091e-06
0.55250000E+02 1.43984e-06
0.55300000E+02 1.43891e-06
0.55350000E+02 1.43784e-06
0.55400000E+02 1.43682e-06
0.55450000E+02 1.43579e-06
0.55500000E+02 1.43478e-06
0.55550000E+02 1.43378e-06
0.55600000E+02 1.43285e-06
0.55650000E+02 1.4319e-06
0.55700000E+02 1.43097e-06
0.55750000E+02 1.43009e-06
0.55800000E+02 1.42921e-06
0.55850000E+02 1.42835e-06
0.55900000E+02 1.42752e-06
0.55950000E+02 1.42672e-06
0.56000000E+02 1.42593e-06
0.56050000E+02 1.42516e-06
0.56100000E+02 1.42442e-06
0.56150000E+02 1.4237e-06
0.56200000E+02 1.423e-06
0.56250000E+02 1.42232e-06
0.56300000E+02 1.42167e-06
0.56350000E+02 1.42094e-06
0.56400000E+02 1.42032e-06
0.56450000E+02 1.41969e-06
0.56500000E+02 1.41911e-06
0.56550000E+02 1.41856e-06
0.56600000E+02 1.41804e-06
0.56650000E+02 1.41747e-06
0.56700000E+02 1.41699e-06
0.56750000E+02 1.41653e-06
0.56800000E+02 1.416e-06
0.56850000E+02 1.41558e-06
0.56900000E+02 1.41518e-06
0.56950000E+02 1.41481e-06
0.57000000E+02 1.41434e-06
0.57050000E+02 1.414e-06
0.57100000E+02 1.41368e-06
0.57150000E+02 1.41325e-06
0.57200000E+02 1.41297e-06
0.57250000E+02 1.4127e-06
0.57300000E+02 1.41246e-06
0.57350000E+02 1.41206e-06
0.57400000E+02 1.41185e-06
0.57450000E+02 1.41089e-06
0.57500000E+02 1.41047e-06
0.57550000E+02 1.41026e-06
0.57600000E+02 1.41007e-06
0.57650000E+02 1.40989e-06
0.57700000E+02 1.40949e-06
0.57750000E+02 1.40932e-06
0.57800000E+02 1.40917e-06
0.57850000E+02 1.40878e-06
0.57900000E+02 1.40864e-06
0.57950000E+02 1.40851e-06
0.58000000E+02 1.40839e-06
0.58050000E+02 1.40798e-06
0.58100000E+02 1.40787e-06
0.58150000E+02 1.40776e-06
0.58200000E+02 1.40766e-06
0.58250000E+02 1.40724e-06
0.58300000E+02 1.40713e-06
0.58350000E+02 1.40704e-06
0.58400000E+02 1.40658e-06
0.58450000E+02 1.40648e-06
0.58500000E+02 1.40637e-06
0.58550000E+02 1.40459e-06
0.58600000E+02 1.40405e-06
0.58650000E+02 1.40389e-06
0.58700000E+02 1.40373e-06
0.58750000E+02 1.40356e-06
0.58800000E+02 1.40296e-06
0.58850000E+02 1.40278e-06
0.58900000E+02 1.40259e-06
0.58950000E+02 1.40193e-06
0.59000000E+02 1.40172e-06
0.59050000E+02 1.40149e-06
0.59100000E+02 1.40126e-06
0.59150000E+02 1.40052e-06
0.59200000E+02 1.40026e-06
0.59250000E+02 1.39998e-06
0.59300000E+02 1.39969e-06
0.59350000E+02 1.39887e-06
0.59400000E+02 1.39854e-06
0.59450000E+02 1.3982e-06
0.59500000E+02 1.39784e-06
0.59550000E+02 1.39693e-06
0.59600000E+02 1.39653e-06
0.59650000E+02 1.39611e-06
0.59700000E+02 1.39511e-06
0.59750000E+02 1.39203e-06
0.59800000E+02 1.39151e-06
0.59850000E+02 1.39098e-06
0.59900000E+02 1.38984e-06
0.59950000E+02 1.38925e-06
0.60000000E+02 1.38865e-06
0.60050000E+02 1.38802e-06
0.60100000E+02 1.38676e-06
0.60150000E+02 1.38608e-06
0.60200000E+02 1.38538e-06
0.60250000E+02 1.38465e-06
0.60300000E+02 1.38327e-06
0.60350000E+02 1.38249e-06
0.60400000E+02 1.38168e-06
0.60450000E+02 1.38084e-06
0.60500000E+02 1.37933e-06
0.60550000E+02 1.37844e-06
0.60600000E+02 1.37752e-06
0.60650000E+02 1.37591e-06
0.60700000E+02 1.37493e-06
0.60750000E+02 1.37392e-06
0.60800000E+02 1.37287e-06
0.60850000E+02 1.37114e-06
0.60900000E+02 1.37003e-06
0.60950000E+02 1.36561e-06
0.61000000E+02 1.36442e-06
0.61050000E+02 1.36252e-06
0.61100000E+02 1.36127e-06
0.61150000E+02 1.35999e-06
0.61200000E+02 1.35867e-06
0.61250000E+02 1.35664e-06
0.61300000E+02 1.35525e-06
0.61350000E+02 1.35383e-06
0.61400000E+02 1.35238e-06
0.61450000E+02 1.35021e-06
0.61500000E+02 1.34869e-06
0.61550000E+02 1.34714e-06
0.61600000E+02 1.34555e-06
0.61650000E+02 1.34323e-06
0.61700000E+02 1.34157e-06
0.61750000E+02 1.33987e-06
0.61800000E+02 1.33814e-06
0.61850000E+02 1.33567e-06
0.61900000E+02 1.33386e-06
0.61950000E+02 1.33202e-06
0.62000000E+02 1.33014e-06
0.62050000E+02 1.32752e-06
0.62100000E+02 1.32556e-06
0.62150000E+02 1.32357e-06
0.62200000E+02 1.32154e-06
0.62250000E+02 1.31513e-06
0.62300000E+02 1.31301e-06
0.62350000E+02 1.31086e-06
0.62400000E+02 1.30866e-06
0.62450000E+02 1.30574e-06
0.62500000E+02 1.30346e-06
0.62550000E+02 1.30115e-06
0.62600000E+02 1.2988e-06
0.62650000E+02 1.29572e-06
0.62700000E+02 1.29329e-06
0.62750000E+02 1.29082e-06
0.62800000E+02 1.28831e-06
0.62850000E+02 1.28507e-06
0.62900000E+02 1.28248e-06
0.62950000E+02 1.27985e-06
0.63000000E+02 1.27718e-06
0.63050000E+02 1.27378e-06
0.63100000E+02 1.27103e-06
0.63150000E+02 1.26823e-06
0.63200000E+02 1.26539e-06
0.63250000E+02 1.26185e-06
0.63300000E+02 1.25892e-06
0.63350000E+02 1.25596e-06
0.63400000E+02 1.25296e-06
0.63450000E+02 1.24926e-06
0.63500000E+02 1.24617e-06
0.63550000E+02 1.2395e-06
0.63600000E+02 1.23634e-06
0.63650000E+02 1.23251e-06
0.63700000E+02 1.22927e-06
0.63750000E+02 1.22598e-06
0.63800000E+02 1.22266e-06
0.63850000E+02 1.21868e-06
0.63900000E+02 1.21528e-06
0.63950000E+02 1.21183e-06
0.64000000E+02 1.20835e-06
0.64050000E+02 1.20423e-06
0.64100000E+02 1.20066e-06
0.64150000E+02 1.19705e-06
0.64200000E+02 1.19341e-06
0.64250000E+02 1.18915e-06
0.64300000E+02 1.18542e-06
0.64350000E+02 1.18166e-06
0.64400000E+02 1.17785e-06
0.64450000E+02 1.17346e-06
0.64500000E+02 1.16958e-06
0.64550000E+02 1.16566e-06
0.64600000E+02 1.1617e-06
0.64650000E+02 1.1577e-06
0.64700000E+02 1.15315e-06
0.64750000E+02 1.14908e-06
0.64800000E+02 1.14497e-06
0.64850000E+02 1.14083e-06
0.64900000E+02 1.1333e-06
0.64950000E+02 1.12912e-06
0.65000000E+02 1.1249e-06
0.65050000E+02 1.12065e-06
0.65100000E+02 1.11591e-06
0.65150000E+02 1.11159e-06
0.65200000E+02 1.10724e-06
0.65250000E+02 1.10286e-06
0.65300000E+02 1.09802e-06
0.65350000E+02 1.09357e-06
0.65400000E+02 1.0891e-06
0.65450000E+02 1.08459e-06
0.65500000E+02 1.07965e-06
0.65550000E+02 1.07509e-06
0.65600000E+02 1.07049e-06
0.65650000E+02 1.06587e-06
0.65700000E+02 1.06121e-06
0.65750000E+02 1.05618e-06
0.65800000E+02 1.05147e-06
0.65850000E+02 1.04674e-06
0.65900000E+02 1.04198e-06
0.65950000E+02 1.03687e-06
0.66000000E+02 1.03207e-06
0.66050000E+02 1.02724e-06
0.66100000E+02 1.02239e-06
0.66150000E+02 1.01722e-06
0.66200000E+02 1.01233e-06
0.66250000E+02 1.00741e-06
0.66300000E+02 1.00247e-06
0.66350000E+02 9.95961e-07
0.66400000E+02 9.90794e-07
0.66450000E+02 9.85853e-07
0.66500000E+02 9.80894e-07
0.66550000E+02 9.75916e-07
0.66600000E+02 9.70718e-07
0.66650000E+02 9.65714e-07
0.66700000E+02 9.60694e-07
0.66750000E+02 9.5566e-07
0.66800000E+02 9.50443e-07
0.66850000E+02 9.45388e-07
0.66900000E+02 9.4032e-07
0.66950000E+02 9.3524e-07
0.67000000E+02 9.30149e-07
0.67050000E+02 9.24923e-07
0.67100000E+02 9.19819e-07
0.67150000E+02 9.14706e-07
0.67200000E+02 9.09585e-07
0.67250000E+02 9.04367e-07
0.67300000E+02 8.9924e-07
0.67350000E+02 8.94107e-07
0.67400000E+02 8.88968e-07
0.67450000E+02 8.83825e-07
0.67500000E+02 8.78633e-07
0.67550000E+02 8.73491e-07
0.67600000E+02 8.68347e-07
0.67650000E+02 8.63203e-07
0.67700000E+02 8.58046e-07
0.67750000E+02 8.52909e-07
0.67800000E+02 8.47805e-07
0.67850000E+02 8.42725e-07
0.67900000E+02 8.37668e-07
0.67950000E+02 8.32601e-07
0.68000000E+02 8.27538e-07
0.68050000E+02 8.2248e-07
0.68100000E+02 8.17427e-07
0.68150000E+02 8.12439e-07
0.68200000E+02 8.07407e-07
0.68250000E+02 8.02381e-07
0.68300000E+02 7.97364e-07
0.68350000E+02 7.92446e-07
0.68400000E+02 7.87454e-07
0.68450000E+02 7.82473e-07
0.68500000E+02 7.77503e-07
0.68550000E+02 7.72544e-07
0.68600000E+02 7.67722e-07
0.68650000E+02 7.62796e-07
0.68700000E+02 7.57882e-07
0.68750000E+02 7.52983e-07
0.68800000E+02 7.48098e-07
0.68850000E+02 7.43387e-07
0.68900000E+02 7.3854e-07
0.68950000E+02 7.3371e-07
0.69000000E+02 7.28896e-07
0.69050000E+02 7.24283e-07
0.69100000E+02 7.19512e-07
0.69150000E+02 7.14758e-07
0.69200000E+02 7.10024e-07
0.69250000E+02 7.0531e-07
0.69300000E+02 7.00827e-07
0.69350000E+02 6.97669e-07
0.69400000E+02 6.93062e-07
0.69450000E+02 6.88476e-07
0.69500000E+02 6.84138e-07
0.69550000E+02 6.796e-07
0.69600000E+02 6.75084e-07
0.69650000E+02 6.7059e-07
0.69700000E+02 6.66119e-07
0.69750000E+02 6.61922e-07
0.69800000E+02 6.57502e-07
0.69850000E+02 6.53106e-07
0.69900000E+02 6.48733e-07
0.69950000E+02 6.44385e-07
0.70000000E+02 6.40334e-07
0.70050000E+02 6.3604e-07
0.70100000E+02 6.31771e-07
0.70150000E+02 6.27527e-07
0.70200000E+02 6.23596e-07
0.70250000E+02 6.19407e-07
0.70300000E+02 6.15245e-07
0.70350000E+02 6.11108e-07
0.70400000E+02 6.06998e-07
0.70450000E+02 6.03218e-07
0.70500000E+02 5.99165e-07
0.70550000E+02 5.95138e-07
0.70600000E+02 5.91138e-07
0.70650000E+02 5.87166e-07
0.70700000E+02 5.83537e-07
0.70750000E+02 5.79622e-07
0.70800000E+02 5.75734e-07
0.70850000E+02 5.71873e-07
0.70900000E+02 5.6804e-07
0.70950000E+02 5.66995e-07
0.71000000E+02 5.63239e-07
0.71050000E+02 5.5951e-07
0.71100000E+02 5.55808e-07
0.71150000E+02 5.52464e-07
0.71200000E+02 5.48818e-07
0.71250000E+02 5.45199e-07
0.71300000E+02 5.41607e-07
0.71350000E+02 5.38042e-07
0.71400000E+02 5.34842e-07
0.71450000E+02 5.31333e-07
0.71500000E+02 5.27851e-07
0.71550000E+02 5.24395e-07
0.71600000E+02 5.20967e-07
0.71650000E+02 5.17909e-07
0.71700000E+02 5.14535e-07
0.71750000E+02 5.11187e-07
0.71800000E+02 5.07866e-07
0.71850000E+02 5.04572e-07
0.71900000E+02 5.01652e-07
0.71950000E+02 4.98411e-07
0.72000000E+02 4.95196e-07
0.72050000E+02 4.92007e-07
0.72100000E+02 4.88844e-07
0.72150000E+02 4.86058e-07
0.72200000E+02 4.82947e-07
0.72250000E+02 4.79862e-07
0.72300000E+02 4.76802e-07
0.72350000E+02 4.73768e-07
0.72400000E+02 4.71111e-07
0.72450000E+02 4.68127e-07
0.72500000E+02 4.65168e-07
0.72550000E+02 4.62233e-07
0.72600000E+02 4.6211e-07
0.72650000E+02 4.59577e-07
0.72700000E+02 4.5672e-07
0.72750000E+02 4.53887e-07
0.72800000E+02 4.51078e-07
0.72850000E+02 4.48291e-07
0.72900000E+02 4.45876e-07
0.72950000E+02 4.43136e-07
0.73000000E+02 4.4042e-07
0.73050000E+02 4.37726e-07
0.73100000E+02 4.35054e-07
0.73150000E+02 4.32751e-07
0.73200000E+02 4.30125e-07
0.73250000E+02 4.2752e-07
0.73300000E+02 4.24938e-07
0.73350000E+02 4.22377e-07
0.73400000E+02 4.20181e-07
0.73450000E+02 4.17664e-07
0.73500000E+02 4.15167e-07
0.73550000E+02 4.12692e-07
0.73600000E+02 4.10237e-07
0.73650000E+02 4.08144e-07
0.73700000E+02 4.0573e-07
0.73750000E+02 4.03337e-07
0.73800000E+02 4.00964e-07
0.73850000E+02 3.98611e-07
0.73900000E+02 3.96616e-07
0.73950000E+02 3.94302e-07
0.74000000E+02 3.92008e-07
0.74050000E+02 3.89733e-07
0.74100000E+02 3.87478e-07
0.74150000E+02 3.85574e-07
0.74200000E+02 3.83356e-07
0.74250000E+02 3.81157e-07
0.74300000E+02 3.78976e-07
0.74350000E+02 3.79585e-07
0.74400000E+02 3.77763e-07
0.74450000E+02 3.75633e-07
0.74500000E+02 3.7352e-07
0.74550000E+02 3.71425e-07
0.74600000E+02 3.69347e-07
0.74650000E+02 3.67607e-07
0.74700000E+02 3.65564e-07
0.74750000E+02 3.63537e-07
0.74800000E+02 3.61527e-07
0.74850000E+02 3.59533e-07
0.74900000E+02 3.57556e-07
0.74950000E+02 3.5591e-07
0.75000000E+02 3.53965e-07
0.75050000E+02 3.52035e-07
0.75100000E+02 3.50122e-07
0.75150000E+02 3.48224e-07
0.75200000E+02 3.46652e-07
0.75250000E+02 3.44784e-07
0.75300000E+02 3.42932e-07
0.75350000E+02 3.41095e-07
0.75400000E+02 3.39273e-07
0.75450000E+02 3.37769e-07
0.75500000E+02 3.35976e-07
0.75550000E+02 3.34197e-07
0.75600000E+02 3.32433e-07
0.75650000E+02 3.30683e-07
0.75700000E+02 3.29245e-07
0.75750000E+02 3.27522e-07
0.75800000E+02 3.25813e-07
0.75850000E+02 3.24118e-07
0.75900000E+02 3.22436e-07
0.75950000E+02 3.20768e-07
0.76000000E+02 3.19406e-07
0.76050000E+02 3.17763e-07
0.76100000E+02 3.16134e-07
0.76150000E+02 3.17104e-07
0.76200000E+02 3.15494e-07
0.76250000E+02 3.14181e-07
0.76300000E+02 3.12595e-07
0.76350000E+02 3.11022e-07
0.76400000E+02 3.09461e-07
0.76450000E+02 3.07912e-07
0.76500000E+02 3.06376e-07
0.76550000E+02 3.05129e-07
0.76600000E+02 3.03615e-07
0.76650000E+02 3.02113e-07
0.76700000E+02 3.00623e-07
0.76750000E+02 2.99144e-07
0.76800000E+02 2.97949e-07
0.76850000E+02 2.96491e-07
0.76900000E+02 2.95045e-07
0.76950000E+02 2.9361e-07
0.77000000E+02 2.92186e-07
0.77050000E+02 2.9104e-07
0.77100000E+02 2.89637e-07
0.77150000E+02 2.88244e-07
0.77200000E+02 2.86862e-07
0.77250000E+02 2.8549e-07
0.77300000E+02 2.84129e-07
0.77350000E+02 2.83038e-07
0.77400000E+02 2.81696e-07
0.77450000E+02 2.80364e-07
0.77500000E+02 2.79042e-07
0.77550000E+02 2.7773e-07
0.77600000E+02 2.76428e-07
0.77650000E+02 2.75389e-07
0.77700000E+02 2.74105e-07
0.77750000E+02 2.72831e-07
0.77800000E+02 2.71566e-07
0.77850000E+02 2.7031e-07
0.77900000E+02 2.69312e-07
0.77950000E+02 2.68074e-07
0.78000000E+02 2.66845e-07
0.78050000E+02 2.67968e-07
0.78100000E+02 2.6675e-07
0.78150000E+02 2.6554e-07
0.78200000E+02 2.64581e-07
0.78250000E+02 2.63388e-07
0.78300000E+02 2.62203e-07
0.78350000E+02 2.61027e-07
0.78400000E+02 2.59859e-07
0.78450000E+02 2.58936e-07
0.78500000E+02 2.57784e-07
0.78550000E+02 2.56641e-07
0.78600000E+02 2.55505e-07
0.78650000E+02 2.54377e-07
0.78700000E+02 2.53257e-07
0.78750000E+02 2.52376e-07
0.78800000E+02 2.51271e-07
0.78850000E+02 2.50173e-07
0.78900000E+02 2.49084e-07
0.78950000E+02 2.48002e-07
0.79000000E+02 2.46927e-07
0.79050000E+02 2.46085e-07
0.79100000E+02 2.45024e-07
0.79150000E+02 2.43971e-07
0.79200000E+02 2.42925e-07
0.79250000E+02 2.41886e-07
0.79300000E+02 2.41074e-07
0.79350000E+02 2.40048e-07
0.79400000E+02 2.3903e-07
0.79450000E+02 2.38018e-07
0.79500000E+02 2.37013e-07
0.79550000E+02 2.36015e-07
0.79600000E+02 2.35238e-07
0.79650000E+02 2.34253e-07
0.79700000E+02 2.33274e-07
0.79750000E+02 2.32302e-07
0.79800000E+02 2.31336e-07
0.79850000E+02 2.30377e-07
0.79900000E+02 2.29633e-07
0.79950000E+02 2.28685e-07
0.80000000E+02 2.29846e-07
