-15.0    6.3e-07
-14.78696742    6.3e-07
-14.57393484    6.4e-07
-14.36090226    6.6e-07
-14.14786967    6.6e-07
-13.93483709    6.6e-07
-13.72180451    6.6e-07
-13.50877193    6.9e-07
-13.29573935    6.9e-07
-13.08270677    6.9e-07
-12.86967419    6.9e-07
-12.6566416    7.199999999999999e-07
-12.44360902    7.199999999999999e-07
-12.23057644    7.199999999999999e-07
-12.01754386    7.3e-07
-11.80451128    7.5e-07
-11.5914787    7.5e-07
-11.37844612    7.5e-07
-11.16541353    7.799999999999999e-07
-10.95238095    7.799999999999999e-07
-10.73934837    7.799999999999999e-07
-10.52631579    8.100000000000001e-07
-10.31328321    8.100000000000001e-07
-10.10025063    8.100000000000001e-07
-9.88721805    8.4e-07
-9.67418546    8.4e-07
-9.46115288    8.5e-07
-9.2481203    8.699999999999999e-07
-9.03508772    8.699999999999999e-07
-8.82205514    9e-07
-8.60902256    9e-07
-8.39598997    9.3e-07
-8.18295739    9.3e-07
-7.96992481    9.5e-07
-7.75689223    9.600000000000001e-07
-7.54385965    9.8e-07
-7.33082707    9.9e-07
-7.11779449    1.01e-06
-6.9047619    1.02e-06
-6.69172932    1.05e-06
-6.47869674    1.07e-06
-6.26566416    1.08e-06
-6.05263158    1.1e-06
-5.839599    1.13e-06
-5.62656642    1.14e-06
-5.41353383    1.1600000000000001e-06
-5.20050125    1.19e-06
-4.98746867    1.22e-06
-4.77443609    1.2499999999999999e-06
-4.56140351    1.2700000000000001e-06
-4.34837093    1.3e-06
-4.13533835    1.33e-06
-3.92230576    1.38e-06
-3.70927318    1.4099999999999998e-06
-3.4962406    1.46e-06
-3.28320802    1.51e-06
-3.07017544    1.5599999999999999e-06
-2.85714286    1.6200000000000002e-06
-2.64411028    1.69e-06
-2.43107769    1.77e-06
-2.21804511    1.8400000000000002e-06
-2.00501253    1.96e-06
-1.79197995    2.08e-06
-1.57894737    2.2399999999999997e-06
-1.36591479    2.47e-06
-1.15288221    2.77e-06
-0.93984962    3.2299999999999996e-06
-0.72681704    4e-06
-0.51378446    5.6100000000000005e-06
-0.30075188    1.007e-05
-0.0877193    6.031e-05
0.12531328    0.00012486000000000002
0.33834586    5.443e-05
0.55137845    1.3320000000000001e-05
0.76441103    1.102e-05
0.97744361    3.64e-05
1.19047619    0.00041757
1.40350877    0.00043209
1.61654135    0.00065198
1.82957393    0.00142238
2.04260652    0.00054614
2.2556391    0.00027342
2.46867168    0.0007064700000000001
2.68170426    0.00065859
2.89473684    0.00023052
3.10776942    0.00021394
3.32080201    0.00054422
3.53383459    0.00031311999999999996
3.74686717    0.00028105999999999997
3.95989975    0.00102768
4.17293233    0.00052718
4.38596491    0.00129716
4.59899749    0.0009755499999999999
4.81203008    0.00033551
5.02506266    0.00052642
5.23809524    0.00042152
5.45112782    0.00053657
5.6641604    1.4599999999999999e-05
5.87719298    2.392e-05
6.09022556    7.8e-05
6.30325815    4.2210000000000004e-05
6.51629073    6.237e-05
6.72932331    0.00023255
6.94235589    7.280000000000001e-05
7.15538847    0.00011195
7.36842105    0.0002124
7.58145363    0.00026365000000000004
7.79448622    0.00011939000000000001
8.0075188    0.00055923
8.22055138    0.00037607
8.43358396    0.00018805999999999998
8.64661654    0.0007668600000000001
8.85964912    0.00044395000000000003
9.0726817    0.00102184
9.28571429    0.0017950700000000002
9.49874687    0.0006781700000000001
9.71177945    0.00080411
9.92481203    0.00116254
10.13784461    0.00072511
10.35087719    0.00150247
10.56390977    0.00181808
10.77694236    0.00151781
10.98997494    0.00046261999999999996
11.20300752    0.00041504
11.4160401    0.00125218
11.62907268    0.00160937
11.84210526    0.00049385
12.05513784    0.00109055
12.26817043    0.0029255
12.48120301    0.00391146
12.69423559    0.00194181
12.90726817    0.00218972
13.12030075    0.0035578599999999995
13.33333333    0.00240569
13.54636591    0.00262282
13.7593985    0.00186905
13.97243108    0.0036948700000000003
14.18546366    0.00331068
14.39849624    0.00415675
14.61152882    0.00427326
14.8245614    0.00869197
15.03759398    0.014545849999999999
15.25062657    0.01458005
15.46365915    0.010357
15.67669173    0.01694878
15.88972431    0.00884691
16.10275689    0.00844444
16.31578947    0.013351749999999999
16.52882206    0.008238289999999999
16.74185464    0.00942137
16.95488722    0.01248962
17.1679198    0.00480445
17.38095238    0.001564
17.59398496    0.010444789999999999
17.80701754    0.00838718
18.02005013    0.005800949999999999
18.23308271    0.0038728600000000005
18.44611529    0.006656990000000001
18.65914787    0.00544113
18.87218045    0.00517778
19.08521303    0.0034567200000000004
19.29824561    0.00474579
19.5112782    0.00959913
19.72431078    0.006672330000000001
19.93734336    0.00503762
20.15037594    0.00682873
20.36340852    0.0067586
20.5764411    0.00501344
20.78947368    0.008155869999999999
21.00250627    0.00826228
21.21553885    0.0058873499999999995
21.42857143    0.0065641
21.64160401    0.00363705
21.85463659    0.00448038
22.06766917    0.004666
22.28070175    0.00426834
22.49373434    0.00512536
22.70676692    0.00499594
22.9197995    0.0034142599999999997
23.13283208    0.006913229999999999
23.34586466    0.007797269999999999
23.55889724    0.01037863
23.77192982    0.01144409
23.98496241    0.0054466900000000006
24.19799499    0.00838995
24.41102757    0.00956224
24.62406015    0.00612499
24.83709273    0.00423916
25.05012531    0.00377438
25.26315789    0.00801673
25.47619048    0.010224480000000001
25.68922306    0.00806834
25.90225564    0.0037554499999999996
26.11528822    0.00486407
26.3283208    0.00474341
26.54135338    0.00477348
26.75438596    0.00905516
26.96741855    0.00399173
27.18045113    0.00408349
27.39348371    0.00599007
27.60651629    0.00739363
27.81954887    0.00651991
28.03258145    0.008735159999999999
28.24561404    0.007860840000000001
28.45864662    0.00784639
28.6716792    0.0073935500000000005
28.88471178    0.00907354
29.09774436    0.0055163700000000005
29.31077694    0.0087939
29.52380952    0.00952228
29.73684211    0.00668197
29.94987469    0.00555199
30.16290727    0.0065441
30.37593985    0.00464968
30.58897243    0.006678699999999999
30.80200501    0.0057298
31.01503759    0.007705160000000001
31.22807018    0.007135519999999999
31.44110276    0.01043311
31.65413534    0.010874499999999999
31.86716792    0.00998599
32.0802005    0.01237128
32.29323308    0.00834337
32.50626566    0.01051472
32.71929825    0.01108719
32.93233083    0.008884630000000001
33.14536341    0.00620474
33.35839599    0.00543741
33.57142857    0.00659445
33.78446115    0.00672987
33.99749373    0.00470832
34.21052632    0.00654693
34.4235589    0.00640312
34.63659148    0.006138289999999999
34.84962406    0.008757939999999999
35.06265664    0.00859843
35.27568922    0.006364990000000001
35.4887218    0.00398861
35.70175439    0.00610955
35.91478697    0.0039828699999999995
36.12781955    0.00494441
36.34085213    0.00578285
36.55388471    0.0035921800000000004
36.76691729    0.0042041100000000005
36.97994987    0.00615241
37.19298246    0.008218360000000001
37.40601504    0.00404738
37.61904762    0.0032334
37.8320802    0.004723209999999999
38.04511278    0.0041763600000000005
38.25814536    0.00441027
38.47117794    0.00684154
38.68421053    0.00619816
38.89724311    0.00434964
39.11027569    0.00264643
39.32330827    0.00350295
39.53634085    0.00473715
39.74937343    0.00366154
39.96240602    0.00414528
40.1754386    0.00367385
40.38847118    0.00351955
40.60150376    0.0018450000000000003
40.81453634    0.0028468499999999997
41.02756892    0.00320782
41.2406015    0.0025406200000000004
41.45363409    0.00195381
41.66666667    0.0021464099999999996
41.87969925    0.0028546500000000002
42.09273183    0.00326343
42.30576441    0.00199489
42.51879699    0.00378885
42.73182957    0.00523617
42.94486216    0.00430073
43.15789474    0.00352126
43.37092732    0.00405434
43.5839599    0.00265552
43.79699248    0.00335898
44.01002506    0.00467931
44.22305764    0.0034647300000000005
44.43609023    0.003954259999999999
44.64912281    0.00742492
44.86215539    0.00825817
45.07518797    0.0019815600000000003
45.28822055    0.00462425
45.50125313    0.006591349999999999
45.71428571    0.0051112300000000005
45.9273183    0.0039066100000000005
46.14035088    0.00490205
46.35338346    0.0026513300000000004
46.56641604    0.00301755
46.77944862    0.0031515099999999997
46.9924812    0.00521119
47.20551378    0.004141550000000001
47.41854637    0.0023148300000000004
47.63157895    0.00411175
47.84461153    0.00309243
48.05764411    0.00592643
48.27067669    0.00298576
48.48370927    0.00251136
48.69674185    0.00225238
48.90977444    0.0034807300000000005
49.12280702    0.00249341
49.3358396    0.00232402
49.54887218    0.00374358
49.76190476    0.0020091700000000002
49.97493734    0.0036839200000000002
50.18796992    0.00273209
50.40100251    0.00392898
50.61403509    0.005650339999999999
50.82706767    0.00450052
51.04010025    0.0045775699999999996
51.25313283    0.00387939
51.46616541    0.00492971
51.67919799    0.00577201
51.89223058    0.00563181
52.10526316    0.00676337
52.31829574    0.00413001
52.53132832    0.00463873
52.7443609    0.00381695
52.95739348    0.00521539
53.17042607    0.007622779999999999
53.38345865    0.005041739999999999
53.59649123    0.00477428
53.80952381    0.00577952
54.02255639    0.006872690000000001
54.23558897    0.0047223000000000005
54.44862155    0.00555482
54.66165414    0.01003585
54.87468672    0.00676278
55.0877193    0.00568822
55.30075188    0.00698465
55.51378446    0.0075712800000000005
55.72681704    0.005729369999999999
55.93984962    0.0072278
56.15288221    0.00888607
56.36591479    0.007618109999999999
56.57894737    0.00632545
56.79197995    0.0050627
57.00501253    0.0051183900000000004
57.21804511    0.00720874
57.43107769    0.008533190000000001
57.64411028    0.00495663
57.85714286    0.006292880000000001
58.07017544    0.005911120000000001
58.28320802    0.00728757
58.4962406    0.00830746
58.70927318    0.0060875700000000005
58.92230576    0.007075129999999999
59.13533835    0.0061699
59.34837093    0.004573229999999999
59.56140351    0.00450276
59.77443609    0.00696156
59.98746867    0.0078005900000000005
60.20050125    0.008323480000000001
60.41353383    0.005713960000000001
60.62656642    0.00465834
60.839599    0.005825540000000001
61.05263158    0.01052583
61.26566416    0.00661323
61.47869674    0.0072207999999999994
61.69172932    0.00644242
61.9047619    0.0043755700000000005
62.11779449    0.00906201
62.33082707    0.007102160000000001
62.54385965    0.010535180000000002
62.75689223    0.00722913
62.96992481    0.00716581
63.18295739    0.00507482
63.39598997    0.00536436
63.60902256    0.009095039999999999
63.82205514    0.0069771699999999996
64.03508772    0.0064947799999999995
64.2481203    0.00473877
64.46115288    0.00465288
64.67418546    0.00618668
64.88721805    0.004943039999999999
65.10025063    0.005264410000000001
65.31328321    0.00669684
65.52631579    0.006935149999999999
65.73934837    0.0065819599999999995
65.95238095    0.00838261
66.16541353    0.006122889999999999
66.37844612    0.0053730900000000005
66.5914787    0.00417184
66.80451128    0.00440494
67.01754386    0.0051403199999999994
67.23057644    0.00469676
67.44360902    0.0058259
67.6566416    0.00533083
67.86967419    0.0053846399999999996
68.08270677    0.00553622
68.29573935    0.0061074599999999995
68.50877193    0.006829689999999999
68.72180451    0.00540949
68.93483709    0.00876019
69.14786967    0.01357073
69.36090226    0.007589
69.57393484    0.00717854
69.78696742    0.00908504
70.0    0.01118492
