4849.068603852  7.412236753674784e-08
4849.131190034877  7.443082752105754e-08
4849.193776217756  7.474154527281904e-08
4849.256362400634  7.505454703409193e-08
4849.318948583512  7.536985949823563e-08
4849.38153476639  7.568750982059971e-08
4849.444120949268  7.600752562953998e-08
4849.506707132145  7.632993503781045e-08
4849.569293315024  7.665476665427245e-08
4849.631879497902  7.698204959596897e-08
4849.69446568078  7.731181350061515e-08
4849.757051863658  7.764408853944315e-08
4849.819638046536  7.797890543048094e-08
4849.882224229414  7.831629545223168e-08
4849.944810412292  7.865629045783728e-08
4850.007396595171  7.899892288966418e-08
4850.069982778048  7.934422579436713e-08
4850.132568960926  7.969223283848763e-08
4850.195155143804  8.004297832453232e-08
4850.257741326682  8.03964972075883e-08
4850.320327509559  8.07528251125378e-08
4850.382913692439  8.111199835181751e-08
4850.445499875316  8.147405394378331e-08
4850.508086058194  8.18390296317493e-08
4850.570672241072  8.220696390364412e-08
4850.63325842395  8.257789601235458e-08
4850.695844606827  8.295186599682634e-08
4850.758430789706  8.332891470386516e-08
4850.821016972584  8.370908381074511e-08
4850.883603155462  8.409241584860072e-08
4850.94618933834  8.447895422671486e-08
4851.008775521218  8.486874325764966e-08
4851.071361704096  8.526182818330216e-08
4851.133947886974  8.565825520196889e-08
4851.196534069853  8.605807149637758e-08
4851.25912025273  8.646132526277353e-08
4851.321706435608  8.6868065741154e-08
4851.384292618486  8.727834324661291e-08
4851.446878801364  8.769220920189315e-08
4851.509464984242  8.810971617124837e-08
4851.572051167121  8.853091789558377e-08
4851.634637349998  8.895586932898295e-08
4851.697223532876  8.938462667673414e-08
4851.759809715754  8.981724743483283e-08
4851.822395898632  9.025379043108047e-08
4851.88498208151  9.069431586790631e-08
4851.947568264388  9.11388853668926e-08
4852.010154447266  9.15875620151772e-08
4852.072740630144  9.204041041375921e-08
4852.135326813021  9.249749672789478e-08
4852.1979129959  9.29588887395816e-08
4852.260499178778  9.342465590228853e-08
4852.323085361656  9.389486939810137e-08
4852.385671544534  9.43696021973039e-08
4852.448257727412  9.484892912057375e-08
4852.51084391029  9.533292690398791e-08
4852.573430093168  9.582167426687719e-08
4852.636016276046  9.631525198273814e-08
4852.698602458924  9.681374295342422e-08
4852.761188641803  9.731723228668197e-08
4852.82377482468  9.782580737727599e-08
4852.886361007558  9.833955799195479e-08
4852.948947190435  9.885857635835658e-08
4853.011533373314  9.938295725817637e-08
4853.074119556192  9.9912798124762e-08
4853.13670573907  1.0044819914549765e-07
4853.199291921948  1.0098926336912701e-07
4853.261878104826  1.0153609681836505e-07
4853.324464287703  1.020888086081718e-07
4853.387050470582  1.0264751106990137e-07
4853.44963665346  1.0321231988174161e-07
4853.512222836338  1.0378335420588958e-07
4853.574809019216  1.0436073683274461e-07
4853.637395202094  1.0494459433261967e-07
4853.699981384972  1.055350572155006e-07
4853.76256756785  1.0613226009922909e-07
4853.825153750729  1.0673634188670943e-07
4853.887739933606  1.0734744595278312e-07
4853.950326116484  1.0796572034125093e-07
4854.012912299362  1.0859131797282841e-07
4854.07549848224  1.0922439686465649e-07
4854.138084665117  1.098651203622646e-07
4854.200670847996  1.1051365738466551e-07
4854.263257030874  1.1117018268354437e-07
4854.325843213752  1.1183487711757741e-07
4854.38842939663  1.125079279427751e-07
4854.451015579508  1.1318952912003763e-07
4854.513601762385  1.1387988164121313e-07
4854.576187945264  1.1457919387481299e-07
4854.638774128142  1.1528768193287266e-07
4854.70136031102  1.1600557006056834e-07
4854.763946493898  1.167330910500908e-07
4854.826532676776  1.1747048668064818e-07
4854.889118859654  1.1821800818662945e-07
4854.951705042532  1.1897591675588126e-07
4855.01429122541  1.1974448406047376e-07
4855.076877408288  1.2052399282253882e-07
4855.139463591166  1.213147374177192e-07
4855.202049774044  1.2211702451933661e-07
4855.264635956922  1.2293117378638565e-07
4855.327222139799  1.2375751859902484e-07
4855.389808322679  1.2459640684521638e-07
4855.452394505556  1.2544820176278656e-07
4855.514980688434  1.2631328284158458e-07
4855.577566871312  1.2719204679056767e-07
4855.64015305419  1.2808490857538655e-07
4855.702739237067  1.2899230253259145e-07
4855.765325419947  1.2991468356685988e-07
4855.827911602824  1.3085252843858754e-07
4855.890497785702  1.3180633714991177e-07
4855.95308396858  1.3277663443772044e-07
4856.015670151458  1.3376397138339057e-07
4856.078256334335  1.3476892714999612e-07
4856.140842517214  1.3579211085848007e-07
4856.203428700092  1.3683416361592575e-07
4856.26601488297  1.37895760710086e-07
4856.328601065848  1.3897761398619754e-07
4856.391187248726  1.4008047442335865e-07
4856.453773431604  1.412051349300036e-07
4856.516359614482  1.423524333801434e-07
4856.578945797361  1.4352325591405721e-07
4856.641531980238  1.4471854053014528e-07
4856.704118163116  1.4593928099767104e-07
4856.766704345994  1.4718653112309035e-07
4856.829290528872  1.4846140940682995e-07
4856.89187671175  1.497651041316564e-07
4856.954462894629  1.5109887892814707e-07
4857.017049077506  1.5246407886857273e-07
4857.079635260384  1.5386213714662198e-07
4857.142221443262  1.5529458240679605e-07
4857.20480762614  1.567630467954851e-07
4857.267393809017  1.5826927481450438e-07
4857.329979991896  1.5981513306722745e-07
4857.392566174774  1.6140262099920822e-07
4857.455152357652  1.63033882747251e-07
4857.51773854053  1.6471122022560815e-07
4857.580324723408  1.664371075932951e-07
4857.642910906286  1.6821420726507124e-07
4857.705497089164  1.7004538764894753e-07
4857.768083272043  1.7193374281526508e-07
4857.83066945492  1.7388261432845187e-07
4857.893255637798  1.7589561550109327e-07
4857.955841820676  1.7797665836097435e-07
4858.018428003554  1.8012998365737447e-07
4858.081014186432  1.8236019427139676e-07
4858.143600369311  1.8467229243618843e-07
4858.206186552188  1.8707172121845773e-07
4858.268772735066  1.8956441076006307e-07
4858.331358917943  1.9215682982628896e-07
4858.393945100822  1.9485604325659178e-07
4858.4565312837  1.9766977595763335e-07
4858.519117466578  2.0060648411656243e-07
4858.581703649456  2.0367543433466403e-07
4858.644289832334  2.0688679138258472e-07
4858.706876015211  2.1025171524234417e-07
4858.76946219809  2.1378246800919005e-07
4858.832048380968  2.1749253105496804e-07
4858.894634563846  2.213967325644815e-07
4858.957220746724  2.2551138509602374e-07
4859.019806929602  2.2985443212076122e-07
4859.08239311248  2.344456014645963e-07
4859.144979295358  2.3930656208156955e-07
4859.207565478236  2.444610784631735e-07
4859.270151661114  2.4993515400477914e-07
4859.332737843992  2.557571505189028e-07
4859.39532402687  2.6195786544942206e-07
4859.457910209748  2.6857054075821755e-07
4859.520496392625  2.7563076744274075e-07
4859.583082575504  2.83176236695634e-07
4859.645668758382  2.912462724597031e-07
4859.70825494126  2.998810605012795e-07
4859.770841124138  3.0912046678105236e-07
4859.833427307016  3.1900231485655795e-07
4859.896013489893  3.295599725927945e-07
4859.958599672772  3.40819090452904e-07
4860.02118585565  3.5279335001769007e-07
4860.083772038528  3.6547914126431406e-07
4860.146358221406  3.7884921554454604e-07
4860.208944404284  3.928455851518868e-07
4860.271530587162  4.0737227827027353e-07
4860.33411677004  4.222889998260599e-07
4860.396702952919  4.3740722681032634e-07
4860.459289135796  4.5249062793096623e-07
4860.521875318674  4.672617001464185e-07
4860.584461501552  4.814158859700198e-07
4860.64704768443  4.946430161773536e-07
4860.709633867307  5.066538671807121e-07
4860.772220050187  5.172075296920743e-07
4860.834806233064  5.261340805739042e-07
4860.897392415942  5.333475413488278e-07
4860.95997859882  5.388464195519433e-07
4861.022564781698  5.42702450212764e-07
4861.085150964575  5.450411056972512e-07
4861.147737147454  5.460188909410148e-07
4861.210323330332  5.458021440285121e-07
4861.27290951321  5.445506424643237e-07
4861.335495696088  5.424076670029332e-07
4861.398081878966  5.394968404343365e-07
4861.460668061844  5.359250618693894e-07
4861.523254244722  5.317899953732622e-07
4861.5858404276  5.271898011034828e-07
4861.648426610478  5.222323508360195e-07
4861.711012793356  5.170413606574627e-07
4861.773598976234  5.117577978706611e-07
4861.836185159112  5.065363175265766e-07
4861.89877134199  5.015378532037465e-07
4861.961357524869  4.969203454776224e-07
4862.023943707746  4.928297175117463e-07
4862.086529890624  4.89392705210664e-07
4862.149116073502  4.86712339618947e-07
4862.21170225638  4.848661063075906e-07
4862.274288439258  4.839062932162116e-07
4862.336874622137  4.83861844399186e-07
4862.399460805014  4.847411005397909e-07
4862.462046987892  4.865350130424691e-07
4862.52463317077  4.892206508132383e-07
4862.587219353648  4.92764984890657e-07
4862.649805536525  4.971289766945942e-07
4862.712391719404  5.022718952700873e-07
4862.774977902282  5.081555897266687e-07
4862.83756408516  5.14748248614579e-07
4862.900150268038  5.220271234299321e-07
4862.962736450916  5.299798766085318e-07
4863.025322633794  5.38604619253777e-07
4863.087908816672  5.479091757396372e-07
4863.150494999551  5.579104211678135e-07
4863.213081182428  5.686345014935161e-07
4863.275667365306  5.801183378181397e-07
4863.338253548184  5.924121889772095e-07
4863.400839731062  6.055824670284375e-07
4863.46342591394  6.197137255164398e-07
4863.526012096819  6.349088910715961e-07
4863.588598279696  6.512873016247284e-07
4863.651184462574  6.689807004744371e-07
4863.713770645451  6.881277370740277e-07
4863.77635682833  7.088675902294499e-07
4863.838943011208  7.313330994722285e-07
4863.901529194086  7.556434491539674e-07
4863.964115376964  7.818961984968915e-07
4864.026701559842  8.101584055133099e-07
4864.08928774272  8.404567581435995e-07
4864.151873925598  8.727669376672108e-07
4864.214460108476  9.070028234535577e-07
4864.277046291354  9.430065520313543e-07
4864.339632474233  9.805408260913835e-07
4864.40221865711  1.0192851672730218e-06
4864.464804839988  1.0588379088856568e-06
4864.527391022866  1.0987254769187667e-06
4864.589977205744  1.1384197668064464e-06
4864.652563388622  1.177363157969098e-06
4864.7151495715  1.2149991066752264e-06
4864.777735754378  1.2508047613602626e-06
4864.840321937256  1.2843212208782332e-06
4864.902908120133  1.3151773258919392e-06
4864.965494303012  1.3431042412717001e-06
4865.02808048589  1.3679400839170822e-06
4865.090666668768  1.3896257621695439e-06
4865.153252851646  1.4081944303409005e-06
4865.215839034524  1.4237573137831896e-06
4865.278425217401  1.4364882921057138e-06
4865.34101140028  1.4466088904607587e-06
4865.403597583158  1.454374546490382e-06
4865.466183766036  1.4600623929572884e-06
4865.528769948914  1.4639604041331667e-06
4865.591356131792  1.4663576037992996e-06
4865.65394231467  1.467535082139626e-06
4865.716528497548  1.4677577393451383e-06
4865.779114680427  1.467266873068597e-06
4865.841700863304  1.4662738840476799e-06
4865.904287046182  1.4649554617019354e-06
4865.96687322906  1.4634506358906026e-06
4866.029459411938  1.4618600553239702e-06
4866.092045594815  1.460247777383451e-06
4866.154631777695  1.4586457152710588e-06
4866.217217960572  1.457060670145734e-06
4866.27980414345  1.4554835693545952e-06
4866.342390326328  1.4539001515043797e-06
4866.404976509206  1.4523019460000916e-06
4866.467562692083  1.4506961080761159e-06
4866.530148874962  1.449112638521193e-06
4866.59273505784  1.4476078444248616e-06
4866.655321240718  1.4462635672167815e-06
4866.717907423596  1.4451825569609711e-06
4866.780493606474  1.444481154644154e-06
4866.843079789352  1.444280909645365e-06
4866.90566597223  1.4447007588526063e-06
4866.968252155109  1.4458509310186408e-06
4867.030838337986  1.4478289777277918e-06
4867.093424520864  1.4507175479433581e-06
4867.156010703742  1.4545830114519953e-06
4867.21859688662  1.4594739821941777e-06
4867.281183069498  1.4654191723878213e-06
4867.343769252377  1.4724245986617684e-06
4867.406355435254  1.4804706627991948e-06
4867.468941618132  1.4895098340622592e-06
4867.53152780101  1.499465547189122e-06
4867.594113983888  1.5102326400624646e-06
4867.656700166765  1.5216793732123624e-06
4867.719286349645  1.5336509135443397e-06
4867.781872532522  1.5459741199697286e-06
4867.8444587154  1.5584634488749244e-06
4867.907044898278  1.5709277177793856e-06
4867.969631081156  1.583177318684099e-06
4868.032217264034  1.5950313336276603e-06
4868.094803446912  1.6063239718591104e-06
4868.15738962979  1.6169098670820424e-06
4868.219975812668  1.626668005075286e-06
4868.282561995546  1.6355042984939555e-06
4868.345148178424  1.6433529908946364e-06
4868.407734361302  1.6501771114188565e-06
4868.47032054418  1.655968131403355e-06
4868.532906727059  1.6607448515253216e-06
4868.595492909936  1.6645514451974958e-06
4868.658079092814  1.6674545651106534e-06
4868.720665275692  1.669539514401475e-06
4868.78325145857  1.6709056629223026e-06
4868.845837641448  1.671661471114289e-06
4868.908423824327  1.671919580054638e-06
4868.971010007204  1.6717923944993555e-06
4869.033596190082  1.6713884526663064e-06
4869.096182372959  1.670809710338933e-06
4869.158768555838  1.670149729347647e-06
4869.221354738716  1.6694926751609588e-06
4869.283940921594  1.6689129827290632e-06
4869.346527104472  1.66847552047679e-06
4869.40911328735  1.6682360597900835e-06
4869.471699470228  1.668241852046959e-06
4869.534285653106  1.668532143844228e-06
4869.596871835984  1.6691385255732093e-06
4869.659458018862  1.6700850897029017e-06
4869.722044201741  1.6713884478507338e-06
4869.784630384618  1.673057709544313e-06
4869.847216567496  1.6750945665723055e-06
4869.909802750374  1.677493656464867e-06
4869.972388933252  1.6802433746644173e-06
4870.03497511613  1.6833272318475325e-06
4870.097561299009  1.6867257011486194e-06
4870.160147481886  1.6904183196611473e-06
4870.222733664764  1.6943856974819926e-06
4870.285319847641  1.6986111309986705e-06
4870.34790603052  1.7030817203404425e-06
4870.410492213398  1.707789161678059e-06
4870.473078396276  1.7127305861061958e-06
4870.535664579154  1.7179098505947495e-06
4870.598250762032  1.723339547454136e-06
4870.66083694491  1.729043756516182e-06
4870.723423127788  1.7350612982443558e-06
4870.786009310666  1.7414489931863364e-06
4870.848595493544  1.748284197427026e-06
4870.911181676423  1.7556656985992185e-06
4870.9737678593  1.763712034891977e-06
4871.036354042178  1.7725565942778756e-06
4871.098940225056  1.7823395320601153e-06
4871.161526407935  1.793197472714517e-06
4871.224112590812  1.8052527889790896e-06
4871.28669877369  1.818604581460941e-06
4871.349284956568  1.8333231034962676e-06
4871.411871139446  1.849448406858903e-06
4871.474457322323  1.8669928304110817e-06
4871.537043505202  1.8859460961397193e-06
4871.59962968808  1.9062815142096008e-06
4871.662215870958  1.9279621104517803e-06
4871.724802053836  1.9509460936829924e-06
4871.787388236714  1.9751916245567046e-06
4871.849974419591  2.0006610980968958e-06
4871.91256060247  2.0273250701086724e-06
4871.975146785348  2.0551656672571815e-06
4872.037732968226  2.0841790230529782e-06
4872.100319151104  2.114376165327471e-06
4872.162905333982  2.145781940874189e-06
4872.22549151686  2.178431955949197e-06
4872.288077699738  2.2123679706538856e-06
4872.350663882617  2.24763251073877e-06
4872.413250065494  2.2842635320325995e-06
4872.475836248372  2.322289812617761e-06
4872.53842243125  2.361727491822129e-06
4872.601008614128  2.402577983816686e-06
4872.663594797006  2.444827463141773e-06
4872.726180979885  2.4884482319193064e-06
4872.788767162762  2.5334024056781806e-06
4872.85135334564  2.579648315922543e-06
4872.913939528518  2.6271496859689857e-06
4872.976525711396  2.6758869887868007e-06
4873.039111894273  2.725869600531605e-06
4873.101698077153  2.777146691270546e-06
4873.16428426003  2.8298145223843627e-06
4873.226870442908  2.884018123410898e-06
4873.289456625786  2.9399461966985645e-06
4873.352042808664  2.9978193480384525e-06
4873.414628991542  3.057873028143948e-06
4873.47721517442  3.120337536371482e-06
4873.539801357299  3.18541784111284e-06
4873.602387540176  3.253275759332161e-06
4873.664973723054  3.324016337245581e-06
4873.727559905932  3.3976793130164218e-06
4873.79014608881  3.4742355742312707e-06
4873.852732271688  3.553587775872097e-06
4873.915318454567  3.6355739125542532e-06
4873.977904637444  3.7199726682054007e-06
4874.040490820322  3.806509677237201e-06
4874.1030770032  3.894864216036511e-06
4874.165663186078  3.984676120405044e-06
4874.228249368956  4.0755528315036366e-06
4874.290835551835  4.167076479781715e-06
4874.353421734712  4.258810948740613e-06
4874.41600791759  4.350308993375436e-06
4874.478594100467  4.441119695093842e-06
4874.541180283346  4.530796730509892e-06
4874.603766466224  4.618908061358277e-06
4874.666352649102  4.705047726429638e-06
4874.72893883198  4.788850432204845e-06
4874.791525014858  4.870009480497029e-06
4874.854111197736  4.948298015256369e-06
4874.916697380614  5.023592458765212e-06
4874.979283563492  5.095895477468928e-06
4875.04186974637  5.165354400934385e-06
4875.104455929249  5.23227047824586e-06
4875.167042112126  5.297095301876594e-06
4875.229628295004  5.3604131872266356e-06
4875.292214477882  5.422911542227048e-06
4875.35480066076  5.485344082721895e-06
4875.417386843638  5.548493043741878e-06
4875.479973026517  5.613135882497739e-06
4875.542559209394  5.68001979894451e-06
4875.605145392272  5.749844704385065e-06
4875.667731575149  5.823253062190296e-06
4875.730317758028  5.9008239071434754e-06
4875.792903940906  5.983068358561736e-06
4875.855490123784  6.070424692291582e-06
4875.918076306662  6.163252016716554e-06
4875.98066248954  6.261822455482551e-06
4876.043248672418  6.366312401311259e-06
4876.105834855296  6.476793968191309e-06
4876.168421038175  6.593228260304248e-06
4876.231007221052  6.7154623074156815e-06
4876.293593403931  6.8432312007191535e-06
4876.356179586808  6.97616600143675e-06
4876.418765769686  7.113806667607599e-06
4876.481351952564  7.255618119055183e-06
4876.543938135443  7.401007176522509e-06
4876.60652431832  7.549338682797911e-06
4876.669110501198  7.699950427979562e-06
4876.731696684076  7.852168028783079e-06
4876.794282866954  8.005322031632211e-06
4876.856869049831  8.158769722214327e-06
4876.91945523271  8.311923192561802e-06
4876.982041415588  8.464283246008996e-06
4877.044627598466  8.615476211004171e-06
4877.107213781344  8.765288552229743e-06
4877.169799964222  8.913693299848638e-06
4877.2323861471  9.060863396971151e-06
4877.294972329978  9.207169889781806e-06
4877.357558512856  9.35316631972726e-06
4877.420144695734  9.499563125985583e-06
4877.482730878613  9.647196093123582e-06
4877.54531706149  9.796990698524853e-06
4877.607903244368  9.949920661875046e-06
4877.670489427246  1.0106955913320967e-05
4877.733075610125  1.0268994421913543e-05
4877.795661793002  1.0436774847669752e-05
4877.85824797588  1.0610772357802123e-05
4877.920834158758  1.0791086365008473e-05
4877.983420341636  1.0977333994290741e-05
4878.046006524513  1.116856493163483e-05
4878.108592707393  1.1363211588325663e-05
4878.17117889027  1.1559084383534511e-05
4878.233765073148  1.175341726443928e-05
4878.296351256026  1.1942964772450855e-05
4878.358937438904  1.2124149252793848e-05
4878.421523621781  1.2293254208361888e-05
4878.484109804661  1.2446655782351754e-05
4878.546695987538  1.258107786808227e-05
4878.609282170416  1.2693847894141764e-05
4878.671868353294  1.2783122549586992e-05
4878.734454536172  1.2848049711648565e-05
4878.79704071905  1.2888838147328488e-05
4878.859626901928  1.2906720669965146e-05
4878.922213084807  1.2903815801230489e-05
4878.984799267684  1.288291154176296e-05
4879.047385450562  1.28472069980278e-05
4879.10997163344  1.2800050664657358e-05
4879.172557816318  1.274470879917721e-05
4879.235143999196  1.2684186392401397e-05
4879.297730182075  1.2621110159274907e-05
4879.360316364952  1.2557670762713492e-05
4879.42290254783  1.2495612396087811e-05
4879.485488730708  1.2436253266736787e-05
4879.548074913586  1.2380520717258492e-05
4879.610661096464  1.2328988704152798e-05
4879.673247279343  1.2281911133887149e-05
4879.73583346222  1.2239249914260924e-05
4879.798419645098  1.2200699998408435e-05
4879.861005827976  1.216571490780097e-05
4879.923592010854  1.2133535975214576e-05
4879.986178193732  1.2103227811420321e-05
4880.04876437661  1.207372163961238e-05
4880.111350559489  1.204386681534785e-05
4880.173936742366  1.2012488663896942e-05
4880.236522925244  1.1978448114389143e-05
4880.299109108122  1.1940696832579987e-05
4880.361695291  1.1898322122177002e-05
4880.424281473878  1.1850579148961275e-05
4880.486867656757  1.1796912691821949e-05
4880.549453839634  1.173697415132366e-05
4880.612040022512  1.1670639773475982e-05
4880.67462620539  1.1598032463487552e-05
4880.737212388268  1.15195437298984e-05
4880.799798571146  1.1435847083693298e-05
4880.862384754025  1.1347892335484551e-05
4880.924970936902  1.1256872873815798e-05
4880.98755711978  1.1164164267689048e-05
4881.050143302657  1.1071239943717255e-05
4881.112729485536  1.0979575448436116e-05
4881.175315668414  1.0890555051094719e-05
4881.237901851292  1.0805392843099375e-05
4881.30048803417  1.0725076099748004e-05
4881.363074217048  1.065033329122464e-05
4881.425660399926  1.0581624589080259e-05
4881.488246582804  1.0519150234758728e-05
4881.550832765683  1.0462871937169167e-05
4881.61341894856  1.0412543756180456e-05
4881.676005131439  1.0367750389224656e-05
4881.738591314316  1.0327951317589687e-05
4881.801177497194  1.0292528597297555e-05
4881.863763680072  1.026083475682558e-05
4881.92634986295  1.0232236262288508e-05
4881.988936045828  1.020614811653578e-05
4882.051522228706  1.018205656695808e-05
4882.114108411584  1.0159529177367496e-05
4882.176694594462  1.0138213913758946e-05
4882.239280777339  1.0117830718509662e-05
4882.301866960218  1.009815993050436e-05
4882.364453143096  1.0079031754159026e-05
4882.427039325974  1.0060319828183975e-05
4882.489625508852  1.0041939970804738e-05
4882.55221169173  1.00238528523368e-05
4882.614797874608  1.000606748309098e-05
4882.677384057486  9.988641867837713e-06
4882.739970240365  9.97167835278672e-06
4882.802556423242  9.95531362646158e-06
4882.865142606121  9.939705872368637e-06
4882.927728788998  9.925022917336361e-06
4882.990314971876  9.911434639192866e-06
4883.052901154754  9.899110619309233e-06
4883.115487337633  9.88822114642033e-06
4883.17807352051  9.8789376071614e-06
4883.240659703388  9.871428029076098e-06
4883.303245886266  9.865845159074235e-06
4883.365832069144  9.862307175824173e-06
4883.428418252021  9.860873797337631e-06
4883.491004434901  9.861522264346881e-06
4883.553590617778  9.864128157881269e-06
4883.616176800656  9.868455452946014e-06
4883.678762983534  9.874159005223685e-06
4883.741349166412  9.880801083744202e-06
4883.80393534929  9.88788165400496e-06
4883.866521532168  9.89487985179191e-06
4883.929107715046  9.901301630508899e-06
4883.991693897924  9.906726493557224e-06
4884.054280080803  9.910845437070495e-06
4884.11686626368  9.913483458381543e-06
4884.179452446558  9.914603221575254e-06
4884.242038629436  9.914290775817407e-06
4884.304624812315  9.91272813919599e-06
4884.367210995192  9.910159843808327e-06
4884.42979717807  9.906860687701917e-06
4884.492383360948  9.903110257372695e-06
4884.554969543826  9.89917703801807e-06
4884.617555726704  9.89531195416869e-06
4884.680141909583  9.891748682028281e-06
4884.74272809246  9.8887066052742e-06
4884.805314275338  9.88639225463122e-06
4884.867900458216  9.884996557080607e-06
4884.930486641094  9.884687731995871e-06
4884.993072823972  9.885602153295043e-06
4885.055659006851  9.887836766307277e-06
4885.118245189728  9.891446050495158e-06
4885.180831372606  9.896444334262331e-06
4885.243417555484  9.902811570812599e-06
4885.306003738362  9.910498765872699e-06
4885.36858992124  9.91942898259487e-06
4885.431176104118  9.92949135278295e-06
4885.493762286997  9.940528225423986e-06
4885.556348469874  9.95231856969249e-06
4885.618934652752  9.96456313753082e-06
4885.68152083563  9.976878028467286e-06
4885.744107018508  9.988802765914827e-06
4885.806693201386  9.999826571449863e-06
4885.869279384265  1.000943233667188e-05
4885.931865567142  1.0017152608905445e-05
4885.99445175002  1.0022627277312742e-05
4886.057037932898  1.0025650503473624e-05
4886.119624115776  1.002619615208643e-05
4886.182210298654  1.0024416387572958e-05
4886.244796481533  1.0020615322880033e-05
4886.30738266441  1.0015205854776181e-05
4886.369968847288  1.0008660824703765e-05
4886.432555030166  1.0001468713346244e-05
4886.495141213044  9.994100199078126e-06
4886.557727395922  9.986986991419924e-06
4886.6203135788  9.98051021417993e-06
4886.682899761679  9.974993366625136e-06
4886.745485944556  9.970694822777406e-06
4886.808072127434  9.967796604624112e-06
4886.870658310312  9.966389050274065e-06
4886.933244493191  9.9664540357267e-06
4886.995830676068  9.967851626505374e-06
4887.058416858947  9.970315696394436e-06
4887.121003041824  9.973462858737387e-06
4887.183589224702  9.976816245994373e-06
4887.24617540758  9.979841999519592e-06
4887.308761590458  9.98199294225207e-06
4887.371347773336  9.982752026502395e-06
4887.433933956214  9.981668560951766e-06
4887.496520139092  9.978382786074673e-06
4887.55910632197  9.972637945683108e-06
4887.621692504847  9.964281966645838e-06
4887.684278687726  9.953261965397631e-06
4887.746864870604  9.93961388415028e-06
4887.809451053482  9.923447598315865e-06
4887.87203723636  9.904926334589774e-06
4887.934623419238  9.884239341890673e-06
4887.997209602116  9.861568629413869e-06
4888.059795784994  9.837053379013457e-06
4888.122381967873  9.81075799379761e-06
4888.18496815075  9.782650492163194e-06
4888.247554333629  9.75259663592039e-06
4888.310140516506  9.720372162715313e-06
4888.372726699384  9.685691732078e-06
4888.435312882262  9.648249803411554e-06
4888.497899065141  9.607766501371663e-06
4888.560485248018  9.56403094566248e-06
4888.623071430896  9.516935375876418e-06
4888.685657613774  9.466495242396897e-06
4888.748243796652  9.412852811646855e-06
4888.810829979529  9.356264441288003e-06
4888.873416162409  9.297074271082749e-06
4888.936002345286  9.23567928378113e-06
4888.998588528164  9.17249201282728e-06
4889.061174711042  9.107907181286981e-06
4889.12376089392  9.042277181585468e-06
4889.186347076798  8.975898943168715e-06
4889.248933259676  8.909012082816273e-06
4889.311519442555  8.841806009315723e-06
4889.374105625432  8.774432373267753e-06
4889.436691808311  8.707019108177065e-06
4889.499277991188  8.639683155173222e-06
4889.561864174066  8.572540366210984e-06
4889.624450356944  8.505712453592377e-06
4889.687036539823  8.439331678954504e-06
4889.7496227227  8.373544027497043e-06
4889.812208905578  8.30851106921016e-06
4889.874795088456  8.244410044587915e-06
4889.937381271334  8.181431421331446e-06
4889.999967454212  8.119773466237613e-06
4890.062553637091  8.059634096146377e-06
4890.125139819968  8.001201020350897e-06
4890.187726002846  7.944641621595593e-06
4890.250312185724  7.89009403546249e-06
4890.312898368602  7.837660594356302e-06
4890.37548455148  7.787404398696413e-06
4890.438070734359  7.739349394538736e-06
4890.500656917236  7.693483981780453e-06
4890.563243100114  7.649767787041114e-06
4890.625829282992  7.60814078589586e-06
4890.68841546587  7.568533549246704e-06
4890.751001648748  7.530877211183459e-06
4890.813587831626  7.495111942046143e-06
4890.876174014505  7.46119317269843e-06
4890.938760197382  7.429095267414248e-06
4891.00134638026  7.398812530558047e-06
4891.063932563138  7.370357379117558e-06
4891.126518746016  7.343755514095911e-06
4891.189104928894  7.319038274735353e-06
4891.251691111773  7.2962330636752385e-06
4891.31427729465  7.275353453103683e-06
4891.376863477528  7.256390888148204e-06
4891.439449660406  7.239309575899542e-06
4891.502035843284  7.224045317640359e-06
4891.564622026162  7.210508069654946e-06
4891.627208209041  7.198587263902383e-06
4891.689794391918  7.188158583753898e-06
4891.752380574796  7.1790909934925415e-06
4891.814966757674  7.171253252155354e-06
4891.877552940552  7.164519691039852e-06
4891.940139123431  7.158775427640037e-06
4892.002725306308  7.153921203015768e-06
4892.065311489187  7.149877640341298e-06
4892.127897672064  7.146588168356303e-06
4892.190483854942  7.1440195200660815e-06
4892.25307003782  7.142158906598407e-06
4892.315656220698  7.141007719341821e-06
4892.378242403576  7.140572684000027e-06
4892.440828586455  7.140856350781583e-06
4892.503414769332  7.141849219694106e-06
4892.56600095221  7.1435254147327084e-06
4892.628587135088  7.145842711220497e-06
4892.691173317966  7.14874630334184e-06
4892.753759500844  7.1521745575467604e-06
4892.816345683722  7.156064599127453e-06
4892.8789318666  7.16035604670293e-06
4892.941518049478  7.164992277767571e-06
4893.004104232356  7.169919777901998e-06
4893.066690415234  7.175086914037967e-06
4893.129276598112  7.180443627303971e-06
4893.19186278099  7.185943117094141e-06
4893.254448963869  7.191545864771545e-06
4893.317035146746  7.197225673688171e-06
4893.379621329624  7.20297705499289e-06
4893.442207512502  7.208823348465179e-06
4893.504793695381  7.21482526692287e-06
4893.567379878258  7.221089727325707e-06
4893.629966061137  7.2277785306383676e-06
4893.692552244014  7.235115620007547e-06
4893.755138426892  7.243390666993892e-06
4893.81772460977  7.252956282257964e-06
4893.880310792649  7.264216788413881e-06
4893.942896975526  7.277608292624914e-06
4894.005483158404  7.293572177378832e-06
4894.068069341282  7.312526108112588e-06
4894.13065552416  7.334837348607046e-06
4894.193241707037  7.360802265647404e-06
4894.255827889916  7.3906338269748025e-06
4894.318414072794  7.424456586572289e-06
4894.381000255672  7.462307030047612e-06
4894.44358643855  7.504136667986359e-06
4894.506172621428  7.5498157653126445e-06
4894.568758804306  7.59913656290864e-06
4894.631344987184  7.651815775380356e-06
4894.693931170063  7.707496784485191e-06
4894.75651735294  7.76575230100216e-06
4894.819103535819  7.826088441736996e-06
4894.881689718696  7.887951195520328e-06
4894.944275901574  7.950736072795607e-06
4895.006862084452  8.01380131314834e-06
4895.069448267331  8.076484475087982e-06
4895.132034450208  8.138121790156592e-06
4895.194620633086  8.198069521520907e-06
4895.257206815964  8.255726684332545e-06
4895.319792998842  8.310558551624398e-06
4895.38237918172  8.362119989096789e-06
4895.444965364599  8.410076660410349e-06
4895.507551547476  8.454220810735176e-06
4895.570137730354  8.494477409006008e-06
4895.632723913232  8.530896756596451e-06
4895.69531009611  8.563631681473487e-06
4895.757896278988  8.59290075658581e-06
4895.820482461867  8.618942498921447e-06
4895.883068644745  8.641967927855992e-06
4895.945654827622  8.66211938708555e-06
4896.008241010501  8.67944218013991e-06
4896.070827193378  8.69387296022523e-06
4896.133413376256  8.705245699097802e-06
4896.195999559134  8.713312978174128e-06
4896.258585742013  8.717777659119747e-06
4896.32117192489  8.718328094544067e-06
4896.383758107768  8.714669439055952e-06
4896.446344290646  8.706544733978742e-06
4896.508930473524  8.693742245762558e-06
4896.571516656402  8.676089378350593e-06
4896.634102839281  8.65343719728477e-06
4896.696689022158  8.625642006081575e-06
4896.759275205036  8.592550796264221e-06
4896.821861387914  8.553995806529911e-06
4896.884447570792  8.50980058396675e-06
4896.94703375367  8.459796823455422e-06
4897.009619936549  8.403848720533713e-06
4897.072206119426  8.34188010615619e-06
4897.134792302304  8.27389938823285e-06
4897.197378485182  8.200018216877628e-06
4897.25996466806  8.120461565546505e-06
4897.322550850939  8.035569141137871e-06
4897.385137033816  7.945790056101634e-06
4897.447723216695  7.851673787264455e-06
4897.510309399572  7.75386013113872e-06
4897.57289558245  7.653069281339544e-06
4897.635481765328  7.5500911423902325e-06
4897.698067948206  7.445771714317023e-06
4897.760654131084  7.340994607201759e-06
4897.823240313963  7.236657337261405e-06
4897.88582649684  7.133644058998369e-06
4897.948412679718  7.032797690049504e-06
4898.010998862596  6.934894440848628e-06
4898.073585045474  6.840622826215344e-06
4898.136171228352  6.7505680253098884e-06
4898.19875741123  6.665201587966981e-06
4898.261343594108  6.584876157541733e-06
4898.323929776986  6.509824929768893e-06
4898.386515959864  6.440165721837094e-06
4898.449102142742  6.375909593032731e-06
4898.511688325621  6.316973848461164e-06
4898.574274508498  6.263198935530106e-06
4898.636860691377  6.214368219526841e-06
4898.699446874254  6.170229000879503e-06
4898.762033057132  6.130512626284002e-06
4898.82461924001  6.094951407493611e-06
4898.887205422889  6.063290464308856e-06
4898.949791605766  6.035293521553751e-06
4899.012377788645  6.010742875061323e-06
4899.074963971522  5.989434847815372e-06
4899.1375501544  5.971172757454501e-06
4899.200136337278  5.955759522891281e-06
4899.262722520157  5.942991569945832e-06
4899.325308703034  5.9326548865344736e-06
4899.387894885912  5.924523299495223e-06
4899.45048106879  5.918358645876664e-06
4899.513067251668  5.913912620705143e-06
4899.575653434546  5.9109305097866455e-06
4899.638239617424  5.9091573435068646e-06
4899.700825800302  5.908346855954896e-06
4899.76341198318  5.908272919108532e-06
4899.825998166059  5.908742123760456e-06
4899.888584348936  5.90960536297959e-06
4899.951170531814  5.910766005932942e-06
4900.013756714692  5.912182614839576e-06
4900.076342897571  5.913864994394043e-06
4900.138929080448  5.915863434517511e-06
4900.201515263327  5.918252134856453e-06
4900.264101446204  5.921108856927873e-06
4900.326687629082  5.92449367263182e-06
4900.38927381196  5.928430020680851e-06
4900.451859994839  5.932890913020173e-06
4900.514446177716  5.937792017843654e-06
4900.577032360594  5.942991774416415e-06
4900.639618543472  5.948297206606727e-06
4900.70220472635  5.953473216923207e-06
4900.764790909228  5.958253076175666e-06
4900.827377092107  5.96234839362489e-06
4900.889963274984  5.965457650247737e-06
4900.952549457862  5.967273062998813e-06
4901.01513564074  5.96748602709401e-06
4901.077721823618  5.965791740943725e-06
4901.140308006496  5.961893898506114e-06
4901.202894189375  5.955510412498273e-06
4901.265480372253  5.946380827049349e-06
4901.32806655513  5.934275391910072e-06
4901.390652738008  5.919004998524653e-06
4901.453238920886  5.900430739552234e-06
4901.515825103764  5.878471966394088e-06
4901.578411286642  5.85311222896434e-06
4901.640997469521  5.824402999623191e-06
4901.703583652398  5.792465304863386e-06
4901.766169835276  5.757489297902918e-06
4901.828756018154  5.719731602981396e-06
4901.891342201032  5.679510134637517e-06
4901.95392838391  5.637196076937137e-06
4902.016514566789  5.593202749795011e-06
4902.079100749666  5.547971217590135e-06
4902.141686932544  5.501952845777673e-06
4902.204273115422  5.455589685420072e-06
4902.2668592983  5.409294445517643e-06
4902.329445481178  5.3634325350331005e-06
4902.392031664057  5.318308792641014e-06
4902.454617846935  5.274160843027509e-06
4902.517204029812  5.231159656545051e-06
4902.57979021269  5.189416305074049e-06
4902.642376395568  5.14899268565015e-06
4902.704962578446  5.1099135631729355e-06
4902.767548761324  5.07217774804529e-06
4902.830134944203  5.035767261046059e-06
4902.89272112708  5.0006543954492545e-06
4902.955307309958  4.9668071667643706e-06
4903.017893492836  4.93419356002359e-06
4903.080479675714  4.90278445736597e-06
4903.143065858592  4.872554616832643e-06
4903.205652041471  4.843480997093386e-06
4903.268238224348  4.8155382127690526e-06
4903.330824407226  4.788691745342183e-06
4903.393410590104  4.762890313125577e-06
4903.455996772982  4.738059151512758e-06
4903.51858295586  4.714095730814411e-06
4903.581169138738  4.690868778315977e-06
4903.643755321616  4.668220692480504e-06
4903.706341504494  4.645972861581198e-06
4903.768927687372  4.623933175303718e-06
4903.83151387025  4.601905064761776e-06
4903.894100053129  4.579697510682564e-06
4903.956686236006  4.557135449024893e-06
4904.019272418885  4.534069860114352e-06
4904.081858601762  4.510386674978614e-06
4904.14444478464  4.486013632115861e-06
4904.207030967518  4.4609244533522814e-06
4904.269617150397  4.4351401254776926e-06
4904.332203333274  4.408727513310814e-06
4904.394789516153  4.381795820846797e-06
4904.45737569903  4.35449148588313e-06
4904.519961881908  4.326991985577866e-06
4904.582548064786  4.29949885352668e-06
4904.645134247664  4.272230061064288e-06
4904.707720430542  4.24541185738523e-06
4904.77030661342  4.219270222167187e-06
4904.832892796298  4.194022243538118e-06
4904.895478979176  4.169867908319639e-06
4904.958065162054  4.146982848049541e-06
4905.020651344932  4.125512435800159e-06
4905.083237527811  4.105567330691774e-06
4905.145823710688  4.087220315357468e-06
4905.208409893567  4.070504267637187e-06
4905.270996076444  4.055411384710424e-06
4905.333582259322  4.041894140500519e-06
4905.3961684422  4.029868602025378e-06
4905.458754625079  4.019220463145329e-06
4905.521340807956  4.009813534613602e-06
4905.583926990835  4.001499733205118e-06
4905.646513173712  3.994129150630843e-06
4905.70909935659  3.987558721203398e-06
4905.771685539468  3.981658313271797e-06
4905.834271722347  3.976313592306362e-06
4905.896857905224  3.971425595993565e-06
4905.959444088102  3.966907539007384e-06
4906.02203027098  3.962679871951511e-06
4906.084616453858  3.958664967793181e-06
4906.147202636736  3.954782873364412e-06
4906.209788819615  3.950949249412563e-06
4906.272375002492  3.947075967687603e-06
4906.33496118537  3.9430740473869585e-06
4906.397547368249  3.938858006559463e-06
4906.460133551126  3.934350524910292e-06
4906.522719734004  3.929486592456095e-06
4906.585305916882  3.924216832308646e-06
4906.647892099761  3.918510094271728e-06
4906.710478282638  3.91235547449639e-06
4906.773064465517  3.9057636345072245e-06
4906.835650648394  3.898766920189428e-06
4906.898236831272  3.89141763058023e-06
4906.96082301415  3.8837840194534e-06
4907.023409197029  3.875944146145704e-06
4907.085995379906  3.867978278590175e-06
4907.148581562784  3.8599609509371584e-06
4907.211167745662  3.85195387512924e-06
4907.27375392854  3.844000711403298e-06
4907.336340111418  3.836124292635184e-06
4907.398926294297  3.82832636990768e-06
4907.461512477174  3.8205894206419456e-06
4907.524098660052  3.812879674405877e-06
4907.58668484293  3.805150387356574e-06
4907.649271025808  3.797344583082858e-06
4907.711857208687  3.789396911330525e-06
4907.774443391565  3.7812347900158773e-06
4907.837029574443  3.7727793873108734e-06
4907.89961575732  3.763947125491022e-06
4907.962201940198  3.754652227714284e-06
4908.024788123076  3.74481047913141e-06
4908.087374305954  3.734343971837892e-06
4908.149960488832  3.7231862555676247e-06
4908.212546671711  3.711287084400925e-06
4908.275132854588  3.69861588090804e-06
4908.337719037466  3.6851631796515198e-06
4908.400305220344  3.670939675623665e-06
4908.462891403222  3.6559730219373488e-06
4908.5254775861  3.6403030376496137e-06
4908.588063768979  3.623976315555347e-06
4908.650649951856  3.6070412463817987e-06
4908.713236134734  3.589544224465546e-06
4908.775822317612  3.571527416503529e-06
4908.83840850049  3.5530281284950273e-06
4908.900994683368  3.534079585571635e-06
4908.963580866246  3.514712827904991e-06
4909.026167049125  3.4949593618977243e-06
4909.088753232002  3.474854160742201e-06
4909.15133941488  3.454438601779346e-06
4909.213925597758  3.433762983057568e-06
4909.276511780637  3.412888364393827e-06
4909.339097963514  3.391887589777117e-06
4909.401684146393  3.370845445302416e-06
4909.46427032927  3.349858003105748e-06
4909.526856512148  3.3290313208050243e-06
4909.589442695026  3.3084798016704347e-06
4909.652028877905  3.2883246241255988e-06
4909.714615060782  3.268692652713831e-06
4909.777201243661  3.249716099331177e-06
4909.839787426538  3.231532918556755e-06
4909.902373609416  3.214287569704821e-06
4909.964959792294  3.198131499091531e-06
4910.027545975172  3.1832226375618833e-06
4910.09013215805  3.1697234393724695e-06
4910.152718340928  3.1577974312935793e-06
4910.215304523806  3.147604695570659e-06
4910.277890706684  3.13929696913984e-06
4910.340476889562  3.1330130071142298e-06
4910.40306307244  3.1288745844361143e-06
4910.465649255319  3.126983148147675e-06
4910.528235438196  3.127416849628783e-06
4910.590821621075  3.130227596234935e-06
4910.653407803952  3.135437899470258e-06
4910.71599398683  3.1430376068424544e-06
4910.778580169708  3.152980950915163e-06
4910.841166352587  3.165184558653853e-06
4910.903752535464  3.1795270063551683e-06
4910.966338718343  3.195850171409448e-06
4911.02892490122  3.21396215681478e-06
4911.091511084098  3.23364116463043e-06
4911.154097266976  3.254639556804966e-06
4911.216683449855  3.2766875279981628e-06
4911.279269632732  3.299496238734599e-06
4911.34185581561  3.322760733206128e-06
4911.404441998488  3.346163299205606e-06
4911.467028181366  3.369377997525109e-06
4911.529614364244  3.392076889007928e-06
4911.592200547123  3.413938109858085e-06
