4.967372000000000298e+03 2.002229999999999982e-02
4.967835000000000036e+03 2.299870000000000039e-02
4.968250000000000000e+03 2.683879999999999946e-02
4.968615999999999985e+03 3.190810000000000174e-02
4.968932999999999993e+03 3.871240000000000098e-02
4.969201000000000022e+03 4.784209999999999852e-02
4.969420000000000073e+03 5.962289999999999951e-02
4.969591000000000349e+03 7.324680000000000080e-02
4.969609999999999673e+03 7.511909999999999421e-02
4.969710000000000036e+03 8.588990000000000513e-02
4.969810000000000400e+03 9.875639999999999419e-02
4.969909999999999854e+03 1.129259999999999986e-01
4.970010000000000218e+03 1.281349999999999989e-01
4.970109999999999673e+03 1.443300000000000138e-01
4.970210000000000036e+03 1.612329999999999874e-01
4.970304000000000087e+03 1.773389999999999966e-01
4.970420000000000073e+03 1.959339999999999971e-01
4.970547999999999774e+03 2.119310000000000083e-01
4.970688000000000102e+03 2.204210000000000058e-01
4.970841000000000349e+03 2.198279999999999956e-01
4.971005000000000109e+03 2.144159999999999955e-01
4.971181999999999789e+03 2.090859999999999941e-01
4.971371000000000095e+03 2.059179999999999899e-01
4.971572000000000116e+03 2.048719999999999986e-01
4.971786000000000058e+03 2.032539999999999902e-01
4.972011000000000422e+03 2.002230000000000121e-01
4.972248999999999796e+03 2.007770000000000110e-01
4.972498999999999796e+03 2.090470000000000106e-01
4.972761000000000422e+03 2.244770000000000099e-01
4.973034999999999854e+03 2.431109999999999938e-01
4.973322000000000116e+03 2.526419999999999777e-01
4.973619999999999891e+03 2.408720000000000028e-01
4.973930999999999585e+03 2.161659999999999970e-01
4.974253999999999905e+03 1.909089999999999954e-01
4.974590000000000146e+03 1.701469999999999927e-01
4.974936999999999898e+03 1.579990000000000006e-01
4.975296999999999571e+03 1.536190000000000055e-01
4.975668999999999869e+03 1.518369999999999997e-01
4.976052999999999884e+03 1.527989999999999904e-01
4.976448999999999614e+03 1.584109999999999963e-01
4.976856999999999971e+03 1.670919999999999905e-01
4.977278000000000247e+03 1.784320000000000073e-01
4.977711000000000240e+03 1.967039999999999900e-01
4.978155999999999949e+03 2.295590000000000130e-01
4.978613000000000284e+03 2.898009999999999753e-01
4.979082000000000335e+03 3.906680000000000152e-01
4.979564000000000306e+03 5.040010000000000323e-01
4.980057999999999993e+03 5.808740000000000014e-01
4.980564000000000306e+03 6.527450000000000196e-01
4.981082000000000335e+03 7.815990000000000437e-01
4.981612000000000080e+03 1.006860000000000088e+00
4.982154999999999745e+03 1.223640000000000061e+00
4.982710000000000036e+03 1.238920000000000021e+00
4.983275999999999840e+03 1.231530000000000014e+00
4.983855999999999767e+03 1.241710000000000091e+00
4.984447000000000116e+03 1.201880000000000059e+00
4.985050000000000182e+03 1.155710000000000015e+00
4.985666000000000167e+03 1.149319999999999897e+00
4.986293999999999869e+03 1.165170000000000039e+00
4.986934000000000196e+03 1.187619999999999898e+00
4.987586000000000240e+03 1.253390000000000004e+00
4.988251000000000204e+03 1.394840000000000080e+00
4.988926999999999680e+03 1.576750000000000096e+00
4.989615999999999985e+03 1.683910000000000018e+00
4.990317000000000007e+03 1.626700000000000035e+00
4.991030999999999949e+03 1.474699999999999900e+00
4.991756000000000313e+03 1.343730000000000091e+00
4.992493999999999687e+03 1.273360000000000047e+00
4.993243000000000393e+03 1.255060000000000064e+00
4.994005000000000109e+03 1.243079999999999963e+00
4.994779999999999745e+03 1.219810000000000061e+00
4.995565999999999804e+03 1.237759999999999971e+00
4.996364999999999782e+03 1.292850000000000055e+00
4.997175000000000182e+03 1.334799999999999986e+00
4.997997999999999593e+03 1.348819999999999908e+00
4.998832999999999629e+03 1.340870000000000006e+00
4.999680999999999585e+03 1.315199999999999925e+00
5.000539999999999964e+03 1.270820000000000061e+00
5.001412000000000262e+03 1.209989999999999899e+00
5.002296000000000276e+03 1.141289999999999916e+00
5.003192000000000007e+03 1.075939999999999896e+00
5.004100000000000364e+03 1.020299999999999985e+00
5.005020999999999731e+03 9.742319999999999869e-01
5.005953000000000429e+03 9.363740000000000396e-01
5.006898000000000138e+03 9.054410000000000514e-01
5.007854999999999563e+03 8.804880000000000484e-01
5.008824999999999818e+03 8.601410000000000444e-01
5.009805999999999585e+03 8.430739999999999901e-01
5.010800000000000182e+03 8.277139999999999498e-01
5.011805999999999585e+03 8.139210000000000056e-01
5.012823999999999614e+03 8.024970000000000159e-01
5.013854000000000269e+03 7.946940000000000115e-01
5.014895999999999731e+03 7.917330000000000201e-01
5.015951000000000022e+03 7.947210000000000107e-01
5.017018000000000029e+03 8.041289999999999827e-01
5.018096999999999753e+03 8.189469999999999805e-01
5.019188000000000102e+03 8.372359999999999802e-01
5.020291000000000167e+03 8.565340000000000176e-01
5.021407000000000153e+03 8.747249999999999748e-01
5.022534999999999854e+03 8.910940000000000527e-01
